DATETIME,OPEN,HIGH,LOW,FINAL,VOLUME
2018-01-22,54.56,54.56,54.56,54.56,0.0
2018-01-23,54.78,54.78,54.78,54.78,0.0
2018-01-24,54.24,54.24,54.24,54.24,0.0
2018-01-25,54.42,54.42,54.42,54.42,0.0
2018-01-26,54.31,54.31,54.31,54.31,0.0
2018-01-29,53.94,53.94,53.94,53.94,0.0
2018-01-30,53.32,53.32,53.32,53.32,0.0
2018-01-31,53.13,53.13,53.13,53.13,0.0
2018-02-01,53.12,53.12,53.12,53.12,0.0
2018-02-02,52.16,52.16,52.16,52.16,0.0
2018-02-05,51.82,51.82,51.82,51.82,0.0
2018-02-06,51.57,51.57,51.57,51.57,0.0
2018-02-07,50.94,50.94,50.94,50.94,0.0
2018-02-08,50.97,50.97,50.97,50.97,0.0
2018-02-09,50.43,50.43,50.43,50.43,0.0
2018-02-12,50.66,50.66,50.66,50.66,0.0
2018-02-13,51.35,51.35,51.35,51.35,0.0
2018-02-14,51.32,51.32,51.32,51.32,0.0
2018-02-15,51.28,51.28,51.28,51.28,0.0
2018-02-16,51.57,51.57,51.57,51.57,0.0
2018-02-20,52.17,52.17,52.17,52.17,0.0
2018-02-21,52.21,52.21,52.21,52.21,0.0
2018-02-22,52.35,52.35,52.35,52.35,0.0
2018-02-23,53.14,53.14,53.14,53.14,0.0
2018-02-26,53.75,53.75,53.75,53.75,0.0
2018-02-27,53.35,53.35,53.35,53.35,0.0
2018-02-28,51.81,51.81,51.81,51.81,0.0
2018-03-01,51.5,51.5,51.5,51.5,0.0
2018-03-02,51.53,51.53,51.53,51.53,0.0
2018-03-05,52.22,52.22,52.22,52.22,0.0
2018-03-06,52.29,52.29,52.29,52.29,0.0
2018-03-07,51.69,51.69,51.69,51.69,0.0
2018-03-08,51.7,51.7,51.7,51.7,0.0
2018-03-09,52.67,52.67,52.67,52.67,0.0
2018-03-12,52.57,52.57,52.57,52.57,0.0
2018-03-13,52.46,52.46,52.46,52.46,0.0
2018-03-14,52.6,52.6,52.6,52.6,0.0
2018-03-15,52.39,52.39,52.39,52.39,0.0
2018-03-16,52.37,52.37,52.37,52.37,0.0
2018-03-19,51.96,51.96,51.96,51.96,0.0
2018-03-20,52.12,52.12,52.12,52.12,0.0
2018-03-21,52.83,52.83,52.83,52.83,0.0
2018-03-22,52.38,52.38,52.38,52.38,0.0
2018-03-23,52.79,52.79,52.79,52.79,0.0
2018-03-26,52.6,52.6,52.6,52.6,0.0
2018-03-27,52.6,52.6,52.6,52.6,0.0
2018-03-28,52.58,52.58,52.58,52.58,0.0
2018-03-29,52.36,52.36,52.36,52.36,0.0
2018-04-02,51.42,51.42,51.42,51.42,0.0
2018-04-03,51.8,51.8,51.8,51.8,0.0
2018-04-04,51.76,51.76,51.76,51.76,0.0
2018-04-05,51.97,51.97,51.97,51.97,0.0
2018-04-06,51.27,51.27,51.27,51.27,0.0
2018-04-09,51.42,51.42,51.42,51.42,0.0
2018-04-10,51.71,51.71,51.71,51.71,0.0
2018-04-11,52.01,52.01,52.01,52.01,0.0
2018-04-12,51.68,51.68,51.68,51.68,0.0
2018-04-13,51.61,51.61,51.61,51.61,0.0
2018-04-16,51.58,51.58,51.58,51.58,0.0
2018-04-17,51.53,51.53,51.53,51.53,0.0
2018-04-18,51.44,51.44,51.44,51.44,0.0
2018-04-19,51.62,51.62,51.62,51.62,0.0
2018-04-20,51.56,51.56,51.56,51.56,0.0
2018-04-23,51.89,51.89,51.89,51.89,0.0
2018-04-24,51.45,51.45,51.45,51.45,0.0
2018-04-25,51.34,51.34,51.34,51.34,0.0
2018-04-26,51.37,51.37,51.37,51.37,0.0
2018-04-27,51.03,51.03,51.03,51.03,0.0
2018-04-30,51.19,51.19,51.19,51.19,0.0
2018-05-01,50.9,50.9,50.9,50.9,0.0
2018-05-02,50.85,50.85,50.85,50.85,0.0
2018-05-03,51.3,51.3,51.3,51.3,0.0
2018-05-04,51.97,51.97,51.97,51.97,0.0
2018-05-07,52.3,52.3,52.3,52.3,0.0
2018-05-08,51.84,51.84,51.84,51.84,0.0
2018-05-09,52.65,52.65,52.65,52.65,0.0
2018-05-10,53.0,53.0,53.0,53.0,0.0
2018-05-11,53.19,53.19,53.19,53.19,0.0
2018-05-14,53.52,53.52,53.52,53.52,0.0
2018-05-15,53.95,53.95,53.95,53.95,0.0
2018-05-16,53.83,53.83,53.83,53.83,0.0
2018-05-17,54.45,54.45,54.45,54.45,0.0
2018-05-18,54.42,54.42,54.42,54.42,0.0
2018-05-21,54.8,54.8,54.8,54.8,0.0
2018-05-22,54.53,54.53,54.53,54.53,0.0
2018-05-23,53.67,53.67,53.67,53.67,0.0
2018-05-24,53.49,53.49,53.49,53.49,0.0
2018-05-25,52.53,52.53,52.53,52.53,0.0
2018-05-29,52.55,52.55,52.55,52.55,0.0
2018-05-30,52.85,52.85,52.85,52.85,0.0
2018-05-31,52.93,52.93,52.93,52.93,0.0
2018-06-01,54.13,54.13,54.13,54.13,0.0
2018-06-04,53.67,53.67,53.67,53.67,0.0
2018-06-05,53.75,53.75,53.75,53.75,0.0
2018-06-06,53.34,53.34,53.34,53.34,0.0
2018-06-07,53.79,53.79,53.79,53.79,0.0
2018-06-08,54.05,54.05,54.05,54.05,0.0
2018-06-11,54.3,54.3,54.3,54.3,0.0
2018-06-12,54.1,54.1,54.1,54.1,0.0
2018-06-13,55.16,55.16,55.16,55.16,0.0
2018-06-14,53.5,53.5,53.5,53.5,0.0
2018-06-15,52.15,52.15,52.15,52.15,0.0
2018-06-18,52.94,52.94,52.94,52.94,0.0
2018-06-19,52.64,52.64,52.64,52.64,0.0
2018-06-20,52.6,52.6,52.6,52.6,0.0
2018-06-21,52.41,52.41,52.41,52.41,0.0
2018-06-22,53.52,53.52,53.52,53.52,0.0
2018-06-25,53.61,53.61,53.61,53.61,0.0
2018-06-26,54.49,54.49,54.49,54.49,0.0
2018-06-27,54.5,54.5,54.5,54.5,0.0
2018-06-28,53.95,53.95,53.95,53.95,0.0
2018-06-29,53.49,53.49,53.49,53.49,0.0
2018-07-02,53.36,53.36,53.36,53.36,0.0
2018-07-03,53.18,53.18,53.18,53.18,0.0
2018-07-05,53.72,53.72,53.72,53.72,0.0
2018-07-06,54.01,54.01,54.01,54.01,0.0
2018-07-09,54.07,54.07,54.07,54.07,0.0
2018-07-10,53.94,53.94,53.94,53.94,0.0
2018-07-11,53.12,53.12,53.12,53.12,0.0
2018-07-12,53.87,53.87,53.87,53.87,0.0
2018-07-13,53.45,53.45,53.45,53.45,0.0
2018-07-16,51.99,51.99,51.99,51.99,0.0
2018-07-17,52.35,52.35,52.35,52.35,0.0
2018-07-18,53.01,53.01,53.01,53.01,0.0
2018-07-19,53.1,53.1,53.1,53.1,0.0
2018-07-20,53.2,53.2,53.2,53.2,0.0
2018-07-23,54.18,54.18,54.18,54.18,0.0
2018-07-24,54.8,54.8,54.8,54.8,0.0
2018-07-25,55.1,55.1,55.1,55.1,0.0
2018-07-26,55.37,55.37,55.37,55.37,0.0
2018-07-27,54.89,54.89,54.89,54.89,0.0
2018-07-30,54.75,54.75,54.75,54.75,0.0
2018-07-31,54.46,54.46,54.46,54.46,0.0
2018-08-01,53.78,53.78,53.78,53.78,0.0
2018-08-02,54.17,54.17,54.17,54.17,0.0
2018-08-03,54.37,54.37,54.37,54.37,0.0
2018-08-06,54.73,54.73,54.73,54.73,0.0
2018-08-07,55.31,55.31,55.31,55.31,0.0
2018-08-08,54.2,54.2,54.2,54.2,0.0
2018-08-09,54.51,54.51,54.51,54.51,0.0
2018-08-10,54.39,54.39,54.39,54.39,0.0
2018-08-13,54.31,54.31,54.31,54.31,0.0
2018-08-14,54.86,54.86,54.86,54.86,0.0
2018-08-15,54.38,54.38,54.38,54.38,0.0
2018-08-16,54.68,54.68,54.68,54.68,0.0
2018-08-17,54.96,54.96,54.96,54.96,0.0
2018-08-20,54.82,54.82,54.82,54.82,0.0
2018-08-21,54.65,54.65,54.65,54.65,0.0
2018-08-22,55.54,55.54,55.54,55.54,0.0
2018-08-23,55.63,55.63,55.63,55.63,0.0
2018-08-24,55.96,55.96,55.96,55.96,0.0
2018-08-27,56.1,56.1,56.1,56.1,0.0
2018-08-28,56.01,56.01,56.01,56.01,0.0
2018-08-29,56.09,56.09,56.09,56.09,0.0
2018-08-30,55.93,55.93,55.93,55.93,0.0
2018-08-31,55.49,55.49,55.49,55.49,0.0
2018-09-04,55.61,55.61,55.61,55.61,0.0
2018-09-05,55.16,55.16,55.16,55.16,0.0
2018-09-06,54.74,54.74,54.74,54.74,0.0
2018-09-07,54.74,54.74,54.74,54.74,0.0
2018-09-10,54.8,54.8,54.8,54.8,0.0
2018-09-11,55.43,55.43,55.43,55.43,0.0
2018-09-12,56.08,56.08,56.08,56.08,0.0
2018-09-13,55.41,55.41,55.41,55.41,0.0
2018-09-14,55.84,55.84,55.84,55.84,0.0
2018-09-17,56.15,56.15,56.15,56.15,0.0
2018-09-18,56.06,56.06,56.06,56.06,0.0
2018-09-19,56.15,56.15,56.15,56.15,0.0
2018-09-20,55.95,55.95,55.95,55.95,0.0
2018-09-21,55.93,55.93,55.93,55.93,0.0
2018-09-24,56.39,56.39,56.39,56.39,0.0
2018-09-25,56.86,56.86,56.86,56.86,0.0
2018-09-26,56.57,56.57,56.57,56.57,0.0
2018-09-27,56.89,56.89,56.89,56.89,0.0
2018-09-28,57.19,57.19,57.19,57.19,0.0
2018-10-01,58.16,58.16,58.16,58.16,0.0
2018-10-02,58.19,58.19,58.19,58.19,0.0
2018-10-03,59.43,59.43,59.43,59.43,0.0
2018-10-04,58.13,58.13,58.13,58.13,0.0
2018-10-05,58.46,58.46,58.46,58.46,0.0
2018-10-08,58.42,58.42,58.42,58.42,0.0
2018-10-09,58.95,58.95,58.95,58.95,0.0
2018-10-10,57.44,57.44,57.44,57.44,0.0
2018-10-11,56.15,56.15,56.15,56.15,0.0
2018-10-12,56.26,56.26,56.26,56.26,0.0
2018-10-15,55.36,55.36,55.36,55.36,0.0
2018-10-16,55.2,55.2,55.2,55.2,0.0
2018-10-17,54.64,54.64,54.64,54.64,0.0
2018-10-18,54.48,54.48,54.48,54.48,0.0
2018-10-19,54.77,54.77,54.77,54.77,0.0
2018-10-22,56.03,56.03,56.03,56.03,0.0
2018-10-23,55.5,55.5,55.5,55.5,0.0
2018-10-24,55.21,55.21,55.21,55.21,0.0
2018-10-25,55.08,55.08,55.08,55.08,0.0
2018-10-26,55.63,55.63,55.63,55.63,0.0
2018-10-29,55.91,55.91,55.91,55.91,0.0
2018-10-30,54.85,54.85,54.85,54.85,0.0
2018-10-31,54.47,54.47,54.47,54.47,0.0
2018-11-01,53.19,53.19,53.19,53.19,0.0
2018-11-02,53.55,53.55,53.55,53.55,0.0
2018-11-05,54.13,54.13,54.13,54.13,0.0
2018-11-06,54.82,54.82,54.82,54.82,0.0
2018-11-07,57.73,57.73,57.73,57.73,0.0
2018-11-08,57.5,57.5,57.5,57.5,0.0
2018-11-09,57.33,57.33,57.33,57.33,0.0
2018-11-12,57.2,57.2,57.2,57.2,0.0
2018-11-13,55.94,55.94,55.94,55.94,0.0
2018-11-14,56.4,56.4,56.4,56.4,0.0
2018-11-15,55.03,55.03,55.03,55.03,0.0
2018-11-16,54.72,54.72,54.72,54.72,0.0
2018-11-19,55.21,55.21,55.21,55.21,0.0
2018-11-20,52.77,52.77,52.77,52.77,0.0
2018-11-21,53.3,53.3,53.3,53.3,0.0
2018-11-23,51.98,51.98,51.98,51.98,0.0
2018-11-26,52.62,52.62,52.62,52.62,0.0
2018-11-27,53.41,53.41,53.41,53.41,0.0
2018-11-28,53.65,53.65,53.65,53.65,0.0
2018-11-29,53.87,53.87,53.87,53.87,0.0
2018-11-30,52.32,52.32,52.32,52.32,0.0
2018-12-03,53.58,53.58,53.58,53.58,0.0
2018-12-04,53.74,53.74,53.74,53.74,0.0
2018-12-05,53.43,53.43,53.43,53.43,0.0
2018-12-06,52.84,52.84,52.84,52.84,0.0
2018-12-07,52.34,52.34,52.34,52.34,0.0
2018-12-10,51.35,51.35,51.35,51.35,0.0
2018-12-11,51.43,51.43,51.43,51.43,0.0
2018-12-12,51.58,51.58,51.58,51.58,0.0
2018-12-13,52.26,52.26,52.26,52.26,0.0
2018-12-14,51.8,51.8,51.8,51.8,0.0
2018-12-17,51.97,51.97,51.97,51.97,0.0
2018-12-18,50.55,50.55,50.55,50.55,0.0
2018-12-19,51.51,51.51,51.51,51.51,0.0
2018-12-20,51.08,51.08,51.08,51.08,0.0
2018-12-21,51.4,51.4,51.4,51.4,0.0
2018-12-24,50.84,50.84,50.84,50.84,0.0
2018-12-26,53.72,53.72,53.72,53.72,0.0
2018-12-27,52.16,52.16,52.16,52.16,0.0
2018-12-28,52.1,52.1,52.1,52.1,0.0
2018-12-31,53.13,53.13,53.13,53.13,0.0
2019-01-02,53.95,53.95,53.95,53.95,0.0
2019-01-03,54.19,54.19,54.19,54.19,0.0
2019-01-04,54.36,54.36,54.36,54.36,0.0
2019-01-07,54.09,54.09,54.09,54.09,0.0
2019-01-08,55.0,55.0,55.0,55.0,0.0
2019-01-09,55.9,55.9,55.9,55.9,0.0
2019-01-10,55.38,55.38,55.38,55.38,0.0
2019-01-11,54.49,54.49,54.49,54.49,0.0
2019-01-14,54.0,54.0,54.0,54.0,0.0
2019-01-15,54.52,54.52,54.52,54.52,0.0
2019-01-16,54.85,54.85,54.85,54.85,0.0
2019-01-17,54.06,54.06,54.06,54.06,0.0
2019-01-18,53.25,53.25,53.25,53.25,0.0
2019-01-22,53.75,53.75,53.75,53.75,0.0
2019-01-23,53.73,53.73,53.73,53.73,0.0
2019-01-24,53.86,53.86,53.86,53.86,0.0
2019-01-25,53.94,53.94,53.94,53.94,0.0
2019-01-28,53.8,53.8,53.8,53.8,0.0
2019-01-29,54.14,54.14,54.14,54.14,0.0
2019-01-30,53.78,53.78,53.78,53.78,0.0
2019-01-31,53.21,53.21,53.21,53.21,0.0
2019-02-01,54.42,54.42,54.42,54.42,0.0
2019-02-04,54.22,54.22,54.22,54.22,0.0
2019-02-05,53.83,53.83,53.83,53.83,0.0
2019-02-06,53.51,53.51,53.51,53.51,0.0
2019-02-07,53.03,53.03,53.03,53.03,0.0
2019-02-08,52.98,52.98,52.98,52.98,0.0
2019-02-11,53.15,53.15,53.15,53.15,0.0
2019-02-12,53.29,53.29,53.29,53.29,0.0
2019-02-13,53.83,53.83,53.83,53.83,0.0
2019-02-14,53.83,53.83,53.83,53.83,0.0
2019-02-15,54.12,54.12,54.12,54.12,0.0
2019-02-19,54.59,54.59,54.59,54.59,0.0
2019-02-20,54.5,54.5,54.5,54.5,0.0
2019-02-21,54.48,54.48,54.48,54.48,0.0
2019-02-22,54.2,54.2,54.2,54.2,0.0
2019-02-25,53.64,53.64,53.64,53.64,0.0
2019-02-26,53.83,53.83,53.83,53.83,0.0
2019-02-27,54.17,54.17,54.17,54.17,0.0
2019-02-28,54.2,54.2,54.2,54.2,0.0
2019-03-01,53.52,53.52,53.52,53.52,0.0
2019-03-04,54.36,54.36,54.36,54.36,0.0
2019-03-05,54.31,54.31,54.31,54.31,0.0
2019-03-06,54.32,54.32,54.32,54.32,0.0
2019-03-07,54.3,54.3,54.3,54.3,0.0
2019-03-08,54.02,54.02,54.02,54.02,0.0
2019-03-11,54.06,54.06,54.06,54.06,0.0
2019-03-12,54.18,54.18,54.18,54.18,0.0
2019-03-13,54.51,54.51,54.51,54.51,0.0
2019-03-14,54.32,54.32,54.32,54.32,0.0
2019-03-15,54.5,54.5,54.5,54.5,0.0
2019-03-18,54.67,54.67,54.67,54.67,0.0
2019-03-19,54.61,54.61,54.61,54.61,0.0
2019-03-20,54.44,54.44,54.44,54.44,0.0
2019-03-21,54.16,54.16,54.16,54.16,0.0
2019-03-22,53.81,53.81,53.81,53.81,0.0
2019-03-25,53.88,53.88,53.88,53.88,0.0
2019-03-26,53.66,53.66,53.66,53.66,0.0
2019-03-27,53.45,53.45,53.45,53.45,0.0
2019-03-28,53.7,53.7,53.7,53.7,0.0
2019-03-29,53.58,53.58,53.58,53.58,0.0
2019-04-01,53.34,53.34,53.34,53.34,0.0
2019-04-02,53.08,53.08,53.08,53.08,0.0
2019-04-03,53.37,53.37,53.37,53.37,0.0
2019-04-04,53.38,53.38,53.38,53.38,0.0
2019-04-05,53.54,53.54,53.54,53.54,0.0
2019-04-08,53.46,53.46,53.46,53.46,0.0
2019-04-09,53.82,53.82,53.82,53.82,0.0
2019-04-10,53.75,53.75,53.75,53.75,0.0
2019-04-11,53.76,53.76,53.76,53.76,0.0
2019-04-12,54.28,54.28,54.28,54.28,0.0
2019-04-15,54.78,54.78,54.78,54.78,0.0
2019-04-16,54.72,54.72,54.72,54.72,0.0
2019-04-17,54.43,54.43,54.43,54.43,0.0
2019-04-18,54.25,54.25,54.25,54.25,0.0
2019-04-22,54.32,54.32,54.32,54.32,0.0
2019-04-23,54.45,54.45,54.45,54.45,0.0
2019-04-24,54.47,54.47,54.47,54.47,0.0
2019-04-25,54.2,54.2,54.2,54.2,0.0
2019-04-26,54.05,54.05,54.05,54.05,0.0
2019-04-29,53.99,53.99,53.99,53.99,0.0
2019-04-30,54.07,54.07,54.07,54.07,0.0
2019-05-01,54.35,54.35,54.35,54.35,0.0
2019-05-02,53.47,53.47,53.47,53.47,0.0
2019-05-03,53.4,53.4,53.4,53.4,0.0
2019-05-06,53.82,53.82,53.82,53.82,0.0
2019-05-07,53.04,53.04,53.04,53.04,0.0
2019-05-08,53.67,53.67,53.67,53.67,0.0
2019-05-09,53.44,53.44,53.44,53.44,0.0
2019-05-10,53.31,53.31,53.31,53.31,0.0
2019-05-13,52.98,52.98,52.98,52.98,0.0
2019-05-14,53.26,53.26,53.26,53.26,0.0
2019-05-15,53.42,53.42,53.42,53.42,0.0
2019-05-16,53.32,53.32,53.32,53.32,0.0
2019-05-17,52.99,52.99,52.99,52.99,0.0
2019-05-20,53.58,53.58,53.58,53.58,0.0
2019-05-21,53.7,53.7,53.7,53.7,0.0
2019-05-22,53.24,53.24,53.24,53.24,0.0
2019-05-23,52.37,52.37,52.37,52.37,0.0
2019-05-24,53.44,53.44,53.44,53.44,0.0
2019-05-28,53.9,53.9,53.9,53.9,0.0
2019-05-29,53.78,53.78,53.78,53.78,0.0
2019-05-30,52.79,52.79,52.79,52.79,0.0
2019-05-31,51.76,51.76,51.76,51.76,0.0
2019-06-03,52.21,52.21,52.21,52.21,0.0
2019-06-04,52.15,52.15,52.15,52.15,0.0
2019-06-05,51.37,51.37,51.37,51.37,0.0
2019-06-06,52.12,52.12,52.12,52.12,0.0
2019-06-07,52.84,52.84,52.84,52.84,0.0
2019-06-10,53.25,53.25,53.25,53.25,0.0
2019-06-11,53.79,53.79,53.79,53.79,0.0
2019-06-12,52.68,52.68,52.68,52.68,0.0
2019-06-13,53.23,53.23,53.23,53.23,0.0
2019-06-14,53.33,53.33,53.33,53.33,0.0
2019-06-17,53.19,53.19,53.19,53.19,0.0
2019-06-18,54.14,54.14,54.14,54.14,0.0
2019-06-19,53.81,53.81,53.81,53.81,0.0
2019-06-20,54.66,54.66,54.66,54.66,0.0
2019-06-21,54.37,54.37,54.37,54.37,0.0
2019-06-24,54.83,54.83,54.83,54.83,0.0
2019-06-25,55.12,55.12,55.12,55.12,0.0
2019-06-26,55.18,55.18,55.18,55.18,0.0
2019-06-27,55.01,55.01,55.01,55.01,0.0
2019-06-28,54.49,54.49,54.49,54.49,0.0
2019-07-01,54.43,54.43,54.43,54.43,0.0
2019-07-02,53.75,53.75,53.75,53.75,0.0
2019-07-03,54.54,54.54,54.54,54.54,0.0
2019-07-05,54.22,54.22,54.22,54.22,0.0
2019-07-08,54.6,54.6,54.6,54.6,0.0
2019-07-09,55.1,55.1,55.1,55.1,0.0
2019-07-10,55.42,55.42,55.42,55.42,0.0
2019-07-11,54.72,54.72,54.72,54.72,0.0
2019-07-12,54.16,54.16,54.16,54.16,0.0
2019-07-15,53.85,53.85,53.85,53.85,0.0
2019-07-16,53.05,53.05,53.05,53.05,0.0
2019-07-17,53.53,53.53,53.53,53.53,0.0
2019-07-18,52.7,52.7,52.7,52.7,0.0
2019-07-19,53.59,53.59,53.59,53.59,0.0
2019-07-22,53.97,53.97,53.97,53.97,0.0
2019-07-23,53.46,53.46,53.46,53.46,0.0
2019-07-24,52.96,52.96,52.96,52.96,0.0
2019-07-25,53.25,53.25,53.25,53.25,0.0
2019-07-26,53.76,53.76,53.76,53.76,0.0
2019-07-29,53.24,53.24,53.24,53.24,0.0
2019-07-30,53.49,53.49,53.49,53.49,0.0
2019-07-31,53.67,53.67,53.67,53.67,0.0
2019-08-01,52.09,52.09,52.09,52.09,0.0
2019-08-02,53.79,53.79,53.79,53.79,0.0
2019-08-05,53.92,53.92,53.92,53.92,0.0
2019-08-06,53.48,53.48,53.48,53.48,0.0
2019-08-07,53.71,53.71,53.71,53.71,0.0
2019-08-08,53.67,53.67,53.67,53.67,0.0
2019-08-09,54.4,54.4,54.4,54.4,0.0
2019-08-12,54.44,54.44,54.44,54.44,0.0
2019-08-13,55.92,55.92,55.92,55.92,0.0
2019-08-14,54.59,54.59,54.59,54.59,0.0
2019-08-15,54.12,54.12,54.12,54.12,0.0
2019-08-16,54.01,54.01,54.01,54.01,0.0
2019-08-19,53.99,53.99,53.99,53.99,0.0
2019-08-20,53.46,53.46,53.46,53.46,0.0
2019-08-21,53.65,53.65,53.65,53.65,0.0
2019-08-22,53.52,53.52,53.52,53.52,0.0
2019-08-23,53.53,53.53,53.53,53.53,0.0
2019-08-26,53.44,53.44,53.44,53.44,0.0
2019-08-27,54.16,54.16,54.16,54.16,0.0
2019-08-28,54.1,54.1,54.1,54.1,0.0
2019-08-29,53.91,53.91,53.91,53.91,0.0
2019-08-30,52.8,52.8,52.8,52.8,0.0
2019-09-03,53.05,53.05,53.05,53.05,0.0
2019-09-04,53.82,53.82,53.82,53.82,0.0
2019-09-05,53.83,53.83,53.83,53.83,0.0
2019-09-06,53.81,53.81,53.81,53.81,0.0
2019-09-09,53.89,53.89,53.89,53.89,0.0
2019-09-10,53.87,53.87,53.87,53.87,0.0
2019-09-11,53.35,53.35,53.35,53.35,0.0
2019-09-12,53.14,53.14,53.14,53.14,0.0
2019-09-13,52.51,52.51,52.51,52.51,0.0
2019-09-16,53.73,53.73,53.73,53.73,0.0
2019-09-17,53.27,53.27,53.27,53.27,0.0
2019-09-18,52.6,52.6,52.6,52.6,0.0
2019-09-19,52.35,52.35,52.35,52.35,0.0
2019-09-20,52.58,52.58,52.58,52.58,0.0
2019-09-23,53.32,53.32,53.32,53.32,0.0
2019-09-24,52.68,52.68,52.68,52.68,0.0
2019-09-25,52.72,52.72,52.72,52.72,0.0
2019-09-26,52.83,52.83,52.83,52.83,0.0
2019-09-27,52.71,52.71,52.71,52.71,0.0
2019-09-30,52.31,52.31,52.31,52.31,0.0
2019-10-01,52.47,52.47,52.47,52.47,11.0
2019-10-02,52.52,52.52,52.52,52.52,0.0
2019-10-03,52.0,52.0,52.0,52.0,13.0
2019-10-04,52.92,52.92,52.92,52.92,0.0
2019-10-07,52.72,52.72,52.72,52.72,0.0
2019-10-08,52.69,52.69,52.69,52.69,13.0
2019-10-09,52.53,52.53,52.53,52.53,0.0
2019-10-10,52.05,52.05,52.05,52.05,0.0
2019-10-11,51.71,51.71,51.71,51.71,0.0
2019-10-14,51.82,51.82,51.82,51.82,0.0
2019-10-15,51.44,51.44,51.44,51.44,0.0
2019-10-16,51.62,51.62,51.62,51.62,0.0
2019-10-17,51.68,51.68,51.68,51.68,0.0
2019-10-18,51.47,51.47,51.47,51.47,0.0
2019-10-21,51.83,51.83,51.83,51.83,0.0
2019-10-22,51.84,51.84,51.84,51.84,0.0
2019-10-23,52.15,52.15,52.15,52.15,0.0
2019-10-24,52.28,52.28,52.28,52.28,0.0
2019-10-25,52.64,52.64,52.64,52.64,0.0
2019-10-28,52.2,52.2,52.2,52.2,0.0
2019-10-29,52.34,52.34,52.34,52.34,0.0
2019-10-30,51.7,51.7,51.7,51.7,0.0
2019-10-31,51.82,51.82,51.82,51.82,0.0
2019-11-01,53.13,53.13,53.13,53.13,0.0
2019-11-04,52.63,52.63,52.63,52.63,0.0
2019-11-05,52.99,52.99,52.99,52.99,0.0
2019-11-06,52.14,52.14,52.14,52.14,0.0
2019-11-07,52.25,52.25,52.25,52.25,0.0
2019-11-08,52.53,52.53,52.53,52.53,0.0
2019-11-11,52.48,52.48,52.48,52.48,0.0
2019-11-12,52.52,52.52,52.52,52.52,0.0
2019-11-13,52.6,52.6,52.6,52.6,0.0
2019-11-14,52.03,52.03,52.03,52.03,0.0
2019-11-15,52.47,52.47,52.47,52.47,0.0
2019-11-18,52.05,52.05,52.05,52.05,0.0
2019-11-19,51.71,51.71,51.71,51.71,0.0
2019-11-20,52.34,52.34,52.34,52.34,0.0
2019-11-21,52.71,52.71,52.71,52.71,0.0
2019-11-22,52.29,52.29,52.29,52.29,0.0
2019-11-25,52.39,52.39,52.39,52.39,0.0
2019-11-26,52.42,52.42,52.42,52.42,0.0
2019-11-27,51.95,51.95,51.95,51.95,0.0
2019-11-29,51.05,51.05,51.05,51.05,0.0
2019-12-02,51.89,51.89,51.89,51.89,0.0
2019-12-03,51.91,51.91,51.91,51.91,0.0
2019-12-04,52.41,52.41,52.41,52.41,0.0
2019-12-05,51.89,51.89,51.89,51.89,0.0
2019-12-06,51.55,51.55,51.55,51.55,0.0
2019-12-09,51.5,51.5,51.5,51.5,0.0
2019-12-10,51.66,51.66,51.66,51.66,0.0
2019-12-11,51.59,51.59,51.59,51.59,0.0
2019-12-12,51.76,51.76,51.76,51.76,0.0
2019-12-13,51.49,51.49,51.49,51.49,0.0
2019-12-16,51.94,51.94,51.94,51.94,0.0
2019-12-17,51.66,51.66,51.66,51.66,0.0
2019-12-18,51.8,51.8,51.8,51.8,0.0
2019-12-19,51.97,51.97,51.97,51.97,0.0
2019-12-20,51.98,51.98,51.98,51.98,0.0
2019-12-23,52.17,52.17,52.17,52.17,0.0
2019-12-24,52.23,52.23,52.23,52.23,0.0
2019-12-26,52.08,52.08,52.08,52.08,0.0
2019-12-27,52.54,52.54,52.54,52.54,0.0
2019-12-30,52.84,52.84,52.84,52.84,0.0
2019-12-31,52.49,52.49,52.49,52.49,0.0
2020-01-02,52.83,52.83,52.83,52.83,0.0
2020-01-03,52.55,52.55,52.55,52.55,0.0
2020-01-06,52.48,52.48,52.48,52.48,0.0
2020-01-07,52.8,52.8,52.8,52.8,0.0
2020-01-08,52.4,52.4,52.4,52.4,0.0
2020-01-09,52.8,52.8,52.8,52.8,0.0
2020-01-10,52.46,52.46,52.46,52.46,0.0
2020-01-13,52.5,52.5,52.5,52.5,0.0
2020-01-14,52.52,52.52,52.52,52.52,0.0
2020-01-15,52.01,52.01,52.01,52.01,0.0
2020-01-16,52.24,52.24,52.24,52.24,0.0
2020-01-17,52.25,52.25,52.25,52.25,0.0
2020-01-21,52.59,52.59,52.59,52.59,0.0
2020-01-22,52.19,52.19,52.19,52.19,0.0
2020-01-23,51.27,51.27,51.27,51.27,0.0
2020-01-24,50.76,50.76,50.76,50.76,0.0
2020-01-27,51.24,51.24,51.24,51.24,0.0
2020-01-28,51.29,51.29,51.29,51.29,0.0
2020-01-29,51.19,51.19,51.19,51.19,0.0
2020-01-30,51.5,51.5,51.5,51.5,0.0
2020-01-31,51.6,51.6,51.6,51.6,0.0
2020-02-03,51.78,51.78,51.78,51.78,0.0
2020-02-04,51.63,51.63,51.63,51.63,0.0
2020-02-05,51.65,51.65,51.65,51.65,0.0
2020-02-06,52.25,52.25,52.25,52.25,0.0
2020-02-07,52.44,52.44,52.44,52.44,0.0
2020-02-10,52.56,52.56,52.56,52.56,0.0
2020-02-11,52.16,52.16,52.16,52.16,0.0
2020-02-12,51.75,51.75,51.75,51.75,0.0
2020-02-13,51.26,51.26,51.26,51.26,0.0
2020-02-14,51.32,51.32,51.32,51.32,0.0
2020-02-18,51.98,51.98,51.98,51.98,0.0
2020-02-19,52.09,52.09,52.09,52.09,0.0
2020-02-20,52.24,52.24,52.24,52.24,0.0
2020-02-21,52.19,52.19,52.19,52.19,0.0
2020-02-24,52.08,52.08,52.08,52.08,0.0
2020-02-25,50.79,50.79,50.79,50.79,0.0
2020-02-26,50.46,50.46,50.46,50.46,0.0
2020-02-27,50.52,50.52,50.52,50.52,0.0
2020-02-28,49.23,49.23,49.23,49.23,0.0
2020-03-02,49.98,49.98,49.98,49.98,0.0
2020-03-03,50.16,50.16,50.16,50.16,0.0
2020-03-04,50.27,50.27,50.27,50.27,0.0
2020-03-05,50.37,50.37,50.37,50.37,0.0
2020-03-06,49.98,49.98,49.98,49.98,0.0
2020-03-09,47.11,47.11,47.11,47.11,0.0
2020-03-10,48.03,48.03,48.03,48.03,0.0
2020-03-11,48.35,48.35,48.35,48.35,0.0
2020-03-12,49.14,49.14,49.14,49.14,0.0
2020-03-13,48.24,48.24,48.24,48.24,0.0
2020-03-16,45.84,45.84,45.84,45.84,0.0
2020-03-17,45.81,45.81,45.81,45.81,0.0
2020-03-18,42.87,42.87,42.87,42.87,20.0
2020-03-19,42.61,42.61,42.61,42.61,0.0
2020-03-20,41.21,41.21,41.21,41.21,0.0
2020-03-23,42.22,42.22,42.22,42.22,17.0
2020-03-24,43.05,43.05,43.05,43.05,0.0
2020-03-25,44.19,44.19,44.19,44.19,0.0
2020-03-26,43.93,43.93,43.93,43.93,0.0
2020-03-27,44.69,44.69,44.69,44.69,0.0
2020-03-30,45.54,45.54,45.54,45.54,0.0
2020-03-31,45.79,45.79,45.79,45.79,0.0
2020-04-01,45.2,45.2,45.2,45.2,0.0
2020-04-02,45.13,45.13,45.13,45.13,0.0
2020-04-03,44.56,44.56,44.56,44.56,0.0
2020-04-06,45.51,45.51,45.51,45.51,0.0
2020-04-07,46.37,46.37,46.37,46.37,0.0
2020-04-08,45.87,45.87,45.87,45.87,0.0
2020-04-09,45.99,45.99,45.99,45.99,0.0
2020-04-13,46.52,46.52,46.52,46.52,0.0
2020-04-14,47.51,47.51,47.51,47.51,0.0
2020-04-15,46.04,46.04,46.04,46.04,0.0
2020-04-16,45.71,45.71,45.71,45.71,0.0
2020-04-17,45.82,45.82,45.82,45.82,0.0
2020-04-20,45.65,45.65,45.65,45.65,0.0
2020-04-21,43.66,43.66,43.66,43.66,0.0
2020-04-22,45.73,45.73,45.73,45.73,0.0
2020-04-23,44.97,44.97,44.97,44.97,0.0
2020-04-24,44.67,44.67,44.67,44.67,0.0
2020-04-27,44.46,44.46,44.46,44.46,0.0
2020-04-28,44.74,44.74,44.74,44.74,0.0
2020-04-29,44.54,44.54,44.54,44.54,0.0
2020-04-30,45.47,45.47,45.47,45.47,0.0
2020-05-01,44.46,44.46,44.46,44.46,0.0
2020-05-04,44.2,44.2,44.2,44.2,0.0
2020-05-05,44.41,44.41,44.41,44.41,0.0
2020-05-06,44.19,44.19,44.19,44.19,0.0
2020-05-07,44.84,44.84,44.84,44.84,0.0
2020-05-08,46.69,46.69,46.69,46.69,0.0
2020-05-11,45.66,45.66,45.66,45.66,0.0
2020-05-12,45.76,45.76,45.76,45.76,0.0
2020-05-13,46.22,46.22,46.22,46.22,0.0
2020-05-14,46.29,46.29,46.29,46.29,0.0
2020-05-15,46.02,46.02,46.02,46.02,0.0
2020-05-18,47.02,47.02,47.02,47.02,0.0
2020-05-19,46.47,46.47,46.47,46.47,0.0
2020-05-20,47.47,47.47,47.47,47.47,0.0
2020-05-21,47.23,47.23,47.23,47.23,0.0
2020-05-22,46.89,46.89,46.89,46.89,0.0
2020-05-26,48.12,48.12,48.12,48.12,0.0
2020-05-27,48.0,48.0,48.0,48.0,0.0
2020-05-28,48.93,48.93,48.93,48.93,0.0
2020-05-29,48.7,48.7,48.7,48.7,0.0
2020-06-01,48.93,48.93,48.93,48.93,0.0
2020-06-02,49.14,49.14,49.14,49.14,0.0
2020-06-03,49.26,49.26,49.26,49.26,0.0
2020-06-04,49.74,49.74,49.74,49.74,0.0
2020-06-05,49.57,49.57,49.57,49.57,0.0
2020-06-08,48.17,48.17,48.17,48.17,0.0
2020-06-09,48.73,48.73,48.73,48.73,0.0
2020-06-10,48.89,48.89,48.89,48.89,0.0
2020-06-11,47.03,47.03,47.03,47.03,0.0
2020-06-12,46.62,46.62,46.62,46.62,0.0
2020-06-15,47.64,47.64,47.64,47.64,0.0
2020-06-16,47.62,47.62,47.62,47.62,0.0
2020-06-17,46.67,46.67,46.67,46.67,0.0
2020-06-18,46.48,46.48,46.48,46.48,0.0
2020-06-19,46.31,46.31,46.31,46.31,0.0
2020-06-22,46.85,46.85,46.85,46.85,0.0
2020-06-23,46.37,46.37,46.37,46.37,0.0
2020-06-24,45.72,45.72,45.72,45.72,0.0
2020-06-25,45.85,45.85,45.85,45.85,0.0
2020-06-26,45.92,45.92,45.92,45.92,0.0
2020-06-29,46.7,46.7,46.7,46.7,0.0
2020-06-30,45.93,45.93,45.93,45.93,0.0
2020-07-01,46.17,46.17,46.17,46.17,0.0
2020-07-02,46.65,46.65,46.65,46.65,0.0
2020-07-06,46.8,46.8,46.8,46.8,0.0
2020-07-07,46.77,46.77,46.77,46.77,0.0
2020-07-08,47.4,47.4,47.4,47.4,0.0
2020-07-09,47.41,47.41,47.41,47.41,0.0
2020-07-10,47.56,47.56,47.56,47.56,0.0
2020-07-13,47.21,47.21,47.21,47.21,0.0
2020-07-14,47.48,47.48,47.48,47.48,0.0
2020-07-15,47.7,47.7,47.7,47.7,0.0
2020-07-16,47.51,47.51,47.51,47.51,0.0
2020-07-17,47.48,47.48,47.48,47.48,0.0
2020-07-20,47.55,47.55,47.55,47.55,0.0
2020-07-21,47.77,47.77,47.77,47.77,0.0
2020-07-22,47.67,47.67,47.67,47.67,0.0
2020-07-23,47.59,47.59,47.59,47.59,0.0
2020-07-24,48.27,48.27,48.27,48.27,0.0
2020-07-27,48.48,48.48,48.48,48.48,0.0
2020-07-28,48.37,48.37,48.37,48.37,0.0
2020-07-29,48.54,48.54,48.54,48.54,0.0
2020-07-30,47.68,47.68,47.68,47.68,0.0
2020-07-31,48.06,48.06,48.06,48.06,0.0
2020-08-03,48.88,48.88,48.88,48.88,0.0
2020-08-04,48.85,48.85,48.85,48.85,0.0
2020-08-05,48.69,48.69,48.69,48.69,0.0
2020-08-06,48.72,48.72,48.72,48.72,0.0
2020-08-07,48.44,48.44,48.44,48.44,0.0
2020-08-10,48.53,48.53,48.53,48.53,0.0
2020-08-11,48.28,48.28,48.28,48.28,0.0
2020-08-12,48.73,48.73,48.73,48.73,0.0
2020-08-13,48.67,48.67,48.67,48.67,0.0
2020-08-14,48.43,48.43,48.43,48.43,0.0
2020-08-17,49.04,49.04,49.04,49.04,0.0
2020-08-18,48.73,48.73,48.73,48.73,0.0
2020-08-19,48.96,48.96,48.96,48.96,0.0
2020-08-20,48.89,48.89,48.89,48.89,0.0
2020-08-21,48.74,48.74,48.74,48.74,0.0
2020-08-24,49.26,49.26,49.26,49.26,0.0
2020-08-25,49.67,49.67,49.67,49.67,0.0
2020-08-26,49.71,49.71,49.71,49.71,0.0
2020-08-27,49.23,49.23,49.23,49.23,0.0
2020-08-28,49.97,49.97,49.97,49.97,0.0
2020-08-31,49.55,49.55,49.55,49.55,0.0
2020-09-01,49.81,49.81,49.81,49.81,0.0
2020-09-02,49.23,49.23,49.23,49.23,0.0
2020-09-03,49.65,49.65,49.65,49.65,0.0
2020-09-04,49.48,49.48,49.48,49.48,0.0
2020-09-08,48.12,48.12,48.12,48.12,0.0
2020-09-09,48.57,48.57,48.57,48.57,0.0
2020-09-10,48.44,48.44,48.44,48.44,0.0
2020-09-11,48.22,48.22,48.22,48.22,0.0
2020-09-14,48.52,48.52,48.52,48.52,0.0
2020-09-15,49.28,49.28,49.28,49.28,0.0
2020-09-16,49.04,49.04,49.04,49.04,0.0
2020-09-17,49.09,49.09,49.09,49.09,0.0
2020-09-18,48.7,48.7,48.7,48.7,0.0
2020-09-21,47.73,47.73,47.73,47.73,0.0
2020-09-22,47.83,47.83,47.83,47.83,0.0
2020-09-23,47.8,47.8,47.8,47.8,0.0
2020-09-24,48.01,48.01,48.01,48.01,0.0
2020-09-25,47.75,47.75,47.75,47.75,0.0
2020-09-28,47.66,47.66,47.66,47.66,0.0
2020-09-29,46.55,46.55,46.55,46.55,0.0
2020-09-30,46.93,46.93,46.93,46.93,0.0
2020-10-01,46.46,46.46,46.46,46.46,0.0
2020-10-02,45.51,45.51,45.51,45.51,0.0
2020-10-05,46.65,46.65,46.65,46.65,0.0
2020-10-06,47.07,47.07,47.07,47.07,0.0
2020-10-07,46.32,46.32,46.32,46.32,0.0
2020-10-08,46.54,46.54,46.54,46.54,0.0
2020-10-09,45.76,45.76,45.76,45.76,0.0
2020-10-12,45.46,45.46,45.46,45.46,0.0
2020-10-13,45.59,45.59,45.59,45.59,0.0
2020-10-14,45.92,45.92,45.92,45.92,0.0
2020-10-15,46.33,46.33,46.33,46.33,0.0
2020-10-16,46.25,46.25,46.25,46.25,0.0
2020-10-19,46.13,46.13,46.13,46.13,0.0
2020-10-20,46.53,46.53,46.53,46.53,0.0
2020-10-21,45.62,45.62,45.62,45.62,0.0
2020-10-22,45.94,45.94,45.94,45.94,0.0
2020-10-23,45.39,45.39,45.39,45.39,0.0
2020-10-26,44.74,44.74,44.74,44.74,0.0
2020-10-27,45.22,45.22,45.22,45.22,0.0
2020-10-28,44.31,44.31,44.31,44.31,0.0
2020-10-29,43.6,43.6,43.6,43.6,0.0
2020-10-30,44.09,44.09,44.09,44.09,0.0
2020-11-02,45.06,45.06,45.06,45.06,0.0
2020-11-03,44.85,44.85,44.85,44.85,0.0
2020-11-04,45.44,45.44,45.44,45.44,0.0
2020-11-05,45.16,45.16,45.16,45.16,0.0
2020-11-06,44.5,44.5,44.5,44.5,0.0
2020-11-09,45.74,45.74,45.74,45.74,0.0
2020-11-10,45.53,45.53,45.53,45.53,0.0
2020-11-11,46.02,46.02,46.02,46.02,0.0
2020-11-12,45.6,45.6,45.6,45.6,0.0
2020-11-13,45.03,45.03,45.03,45.03,0.0
2020-11-16,45.22,45.22,45.22,45.22,0.0
2020-11-17,45.14,45.14,45.14,45.14,0.0
2020-11-18,45.34,45.34,45.34,45.34,0.0
2020-11-19,44.98,44.98,44.98,44.98,0.0
2020-11-20,44.94,44.94,44.94,44.94,0.0
2020-11-23,45.03,45.03,45.03,45.03,0.0
2020-11-24,44.91,44.91,44.91,44.91,0.0
2020-11-25,45.8,45.8,45.8,45.8,0.0
2020-11-27,45.66,45.66,45.66,45.66,0.0
2020-11-30,45.41,45.41,45.41,45.41,0.0
2020-12-01,44.21,44.21,44.21,44.21,0.0
2020-12-02,43.7,43.7,43.7,43.7,0.0
2020-12-03,42.72,42.72,42.72,42.72,0.0
2020-12-04,43.37,43.37,43.37,43.37,0.0
2020-12-07,43.51,43.51,43.51,43.51,0.0
2020-12-08,43.71,43.71,43.71,43.71,0.0
2020-12-09,43.77,43.77,43.77,43.77,0.0
2020-12-10,43.88,43.88,43.88,43.88,0.0
2020-12-11,43.66,43.66,43.66,43.66,0.0
2020-12-14,44.04,44.04,44.04,44.04,0.0
2020-12-15,44.48,44.48,44.48,44.48,0.0
2020-12-16,44.52,44.52,44.52,44.52,0.0
2020-12-17,45.1,45.1,45.1,45.1,0.0
2020-12-18,45.16,45.16,45.16,45.16,0.0
2020-12-21,44.66,44.66,44.66,44.66,0.0
2020-12-22,44.19,44.19,44.19,44.19,0.0
2020-12-23,44.95,44.95,44.95,44.95,0.0
2020-12-24,45.14,45.14,45.14,45.14,0.0
2020-12-28,44.65,44.65,44.65,44.65,0.0
2020-12-29,44.84,44.84,44.84,44.84,0.0
2020-12-30,44.85,44.85,44.85,44.85,0.0
2020-12-31,44.77,44.77,44.77,44.77,0.0
2021-01-04,44.52,44.52,44.52,44.52,0.0
2021-01-05,44.46,44.46,44.46,44.46,0.0
2021-01-06,44.1,44.1,44.1,44.1,0.0
2021-01-07,44.54,44.54,44.54,44.54,0.0
2021-01-08,44.94,44.94,44.94,44.94,0.0
2021-01-11,45.29,45.29,45.29,45.29,0.0
2021-01-12,45.52,45.52,45.52,45.52,0.0
2021-01-13,46.13,46.13,46.13,46.13,0.0
2021-01-14,46.23,46.23,46.23,46.23,0.0
2021-01-15,46.2,46.2,46.2,46.2,0.0
2021-01-19,46.11,46.11,46.11,46.11,0.0
2021-01-20,45.99,45.99,45.99,45.99,0.0
2021-01-21,45.91,45.91,45.91,45.91,0.0
2021-01-22,45.53,45.53,45.53,45.53,0.0
2021-01-25,45.85,45.85,45.85,45.85,0.0
2021-01-26,45.83,45.83,45.83,45.83,0.0
2021-01-27,46.26,46.26,46.26,46.26,0.0
2021-01-28,46.01,46.01,46.01,46.01,0.0
2021-01-29,45.94,45.94,45.94,45.94,0.0
2021-02-01,46.36,46.36,46.36,46.36,0.0
2021-02-02,46.64,46.64,46.64,46.64,0.0
2021-02-03,46.47,46.47,46.47,46.47,0.0
2021-02-04,46.59,46.59,46.59,46.59,0.0
2021-02-05,46.75,46.75,46.75,46.75,0.0
2021-02-08,47.33,47.33,47.33,47.33,0.0
2021-02-09,47.55,47.55,47.55,47.55,0.0
2021-02-10,47.75,47.75,47.75,47.75,0.0
2021-02-11,47.68,47.68,47.68,47.68,0.0
2021-02-12,47.96,47.96,47.96,47.96,0.0
2021-02-16,48.27,48.27,48.27,48.27,0.0
2021-02-17,48.51,48.51,48.51,48.51,0.0
2021-02-18,48.67,48.67,48.67,48.67,0.0
2021-02-19,48.94,48.94,48.94,48.94,0.0
2021-02-22,49.74,49.74,49.74,49.74,0.0
2021-02-23,49.74,49.74,49.74,49.74,0.0
2021-02-24,50.61,50.61,50.61,50.61,0.0
2021-02-25,50.46,50.46,50.46,50.46,0.0
2021-02-26,49.46,49.46,49.46,49.46,0.0
2021-03-01,49.11,49.11,49.11,49.11,0.0
2021-03-02,49.43,49.43,49.43,49.43,0.0
2021-03-03,50.04,50.04,50.04,50.04,0.0
2021-03-04,50.41,50.41,50.41,50.41,0.0
2021-03-05,51.52,51.52,51.52,51.52,0.0
2021-03-08,50.86,50.86,50.86,50.86,0.0
2021-03-09,50.58,50.58,50.58,50.58,0.0
2021-03-10,50.34,50.34,50.34,50.34,0.0
2021-03-11,50.57,50.57,50.57,50.57,0.0
2021-03-12,50.5,50.5,50.5,50.5,0.0
2021-03-15,50.43,50.43,50.43,50.43,0.0
2021-03-16,50.26,50.26,50.26,50.26,0.0
2021-03-17,50.59,50.59,50.59,50.59,0.0
2021-03-18,49.71,49.71,49.71,49.71,0.0
2021-03-19,49.7,49.7,49.7,49.7,0.0
2021-03-22,49.79,49.79,49.79,49.79,0.0
2021-03-23,49.01,49.01,49.01,49.01,0.0
2021-03-24,49.37,49.37,49.37,49.37,0.0
2021-03-25,48.04,48.04,48.04,48.04,0.0
2021-03-26,49.16,49.16,49.16,49.16,0.0
2021-03-29,49.0,49.0,49.0,49.0,0.0
2021-03-30,48.75,48.75,48.75,48.75,0.0
2021-03-31,48.26,48.26,48.26,48.26,0.0
2021-04-01,50.69,50.69,50.69,50.69,0.0
2021-04-05,50.36,50.36,50.36,50.36,0.0
2021-04-06,51.12,51.12,51.12,51.12,0.0
2021-04-07,51.28,51.28,51.28,51.28,0.0
2021-04-08,50.43,50.43,50.43,50.43,0.0
2021-04-09,50.74,50.74,50.74,50.74,0.0
2021-04-12,51.42,51.42,51.42,51.42,0.0
2021-04-13,51.7,51.7,51.7,51.7,0.0
2021-04-14,52.36,52.36,52.36,52.36,0.0
2021-04-15,51.96,51.96,51.96,51.96,0.0
2021-04-16,51.53,51.53,51.53,51.53,0.0
2021-04-19,51.58,51.58,51.58,51.58,0.0
2021-04-20,51.08,51.08,51.08,51.08,0.0
2021-04-21,50.77,50.77,50.77,50.77,0.0
2021-04-22,51.34,51.34,51.34,51.34,0.0
2021-04-23,51.8,51.8,51.8,51.8,0.0
2021-04-26,51.9,51.9,51.9,51.9,0.0
2021-04-27,52.45,52.45,52.45,52.45,0.0
2021-04-28,52.53,52.53,52.53,52.53,0.0
2021-04-29,52.93,52.93,52.93,52.93,0.0
2021-04-30,52.22,52.22,52.22,52.22,0.0
2021-05-03,52.54,52.54,52.54,52.54,0.0
2021-05-04,53.2,53.2,53.2,53.2,0.0
2021-05-05,53.41,53.41,53.41,53.41,0.0
2021-05-06,53.53,53.53,53.53,53.53,0.0
2021-05-07,53.74,53.74,53.74,53.74,0.0
2021-05-10,53.82,53.82,53.82,53.82,0.0
2021-05-11,54.1,54.1,54.1,54.1,0.0
2021-05-12,54.52,54.52,54.52,54.52,0.0
2021-05-13,52.6,52.6,52.6,52.6,0.0
2021-05-14,52.84,52.84,52.84,52.84,0.0
2021-05-17,53.05,53.05,53.05,53.05,0.0
2021-05-18,53.05,53.05,53.05,53.05,0.0
2021-05-19,52.0,52.0,52.0,52.0,0.0
2021-05-20,51.65,51.65,51.65,51.65,0.0
2021-05-21,52.08,52.08,52.08,52.08,0.0
2021-05-24,53.09,53.09,53.09,53.09,0.0
2021-05-25,53.03,53.03,53.03,53.03,0.0
2021-05-26,53.13,53.13,53.13,53.13,0.0
2021-05-27,53.09,53.09,53.09,53.09,0.0
2021-05-28,52.65,52.65,52.65,52.65,0.0
2021-06-01,53.07,53.07,53.07,53.07,0.0
2021-06-02,53.34,53.34,53.34,53.34,0.0
2021-06-03,53.28,53.28,53.28,53.28,0.0
2021-06-04,53.56,53.56,53.56,53.56,0.0
2021-06-07,53.81,53.81,53.81,53.81,0.0
2021-06-08,54.3,54.3,54.3,54.3,0.0
2021-06-09,54.41,54.41,54.41,54.41,0.0
2021-06-10,54.32,54.32,54.32,54.32,0.0
2021-06-11,54.4,54.4,54.4,54.4,0.0
2021-06-14,54.38,54.38,54.38,54.38,0.0
2021-06-15,54.74,54.74,54.74,54.74,0.0
2021-06-16,55.02,55.02,55.02,55.02,0.0
2021-06-17,53.95,53.95,53.95,53.95,0.0
2021-06-18,54.46,54.46,54.46,54.46,0.0
2021-06-21,55.08,55.08,55.08,55.08,0.0
2021-06-22,55.22,55.22,55.22,55.22,0.0
2021-06-23,55.12,55.12,55.12,55.12,0.0
2021-06-24,55.12,55.12,55.12,55.12,0.0
2021-06-25,54.68,54.68,54.68,54.68,0.0
2021-06-28,54.18,54.18,54.18,54.18,0.0
2021-06-29,54.18,54.18,54.18,54.18,0.0
2021-06-30,54.24,54.24,54.24,54.24,0.0
2021-07-01,54.43,54.43,54.43,54.43,0.0
2021-07-02,54.53,54.53,54.53,54.53,0.0
2021-07-06,53.23,53.23,53.23,53.23,0.0
2021-07-07,52.64,52.64,52.64,52.64,0.0
2021-07-08,52.42,52.42,52.42,52.42,0.0
2021-07-09,53.1,53.1,53.1,53.1,0.0
2021-07-12,53.33,53.33,53.33,53.33,0.0
2021-07-13,54.41,54.41,54.41,54.41,0.0
2021-07-14,53.77,53.77,53.77,53.77,0.0
2021-07-15,53.67,53.67,53.67,53.67,0.0
2021-07-16,54.58,54.58,54.58,54.58,0.0
2021-07-19,52.07,52.07,52.07,52.07,0.0
2021-07-20,52.17,52.17,52.17,52.17,0.0
2021-07-21,53.54,53.54,53.54,53.54,0.0
2021-07-22,53.58,53.58,53.58,53.58,0.0
2021-07-23,53.51,53.51,53.51,53.51,0.0
2021-07-26,52.89,52.89,52.89,52.89,0.0
2021-07-27,53.0,53.0,53.0,53.0,0.0
2021-07-28,53.59,53.59,53.59,53.59,0.0
2021-07-29,54.21,54.21,54.21,54.21,0.0
2021-07-30,53.85,53.85,53.85,53.85,0.0
2021-08-02,52.97,52.97,52.97,52.97,0.0
2021-08-03,53.04,53.04,53.04,53.04,0.0
2021-08-04,52.53,52.53,52.53,52.53,0.0
2021-08-05,53.25,53.25,53.25,53.25,0.0
2021-08-06,53.67,53.67,53.67,53.67,0.0
2021-08-09,53.42,53.42,53.42,53.42,0.0
2021-08-10,53.92,53.92,53.92,53.92,0.0
2021-08-11,54.31,54.31,54.31,54.31,0.0
2021-08-12,54.34,54.34,54.34,54.34,0.0
2021-08-13,54.16,54.16,54.16,54.16,0.0
2021-08-16,54.03,54.03,54.03,54.03,0.0
2021-08-17,53.42,53.42,53.42,53.42,0.0
2021-08-18,53.34,53.34,53.34,53.34,0.0
2021-08-19,52.85,52.85,52.85,52.85,0.0
2021-08-20,52.08,52.08,52.08,52.08,0.0
2021-08-23,53.62,53.62,53.62,53.62,0.0
2021-08-24,53.94,53.94,53.94,53.94,0.0
2021-08-25,53.9,53.9,53.9,53.9,0.0
2021-08-26,53.42,53.42,53.42,53.42,0.0
2021-08-27,53.96,53.96,53.96,53.96,0.0
2021-08-30,53.46,53.46,53.46,53.46,0.0
2021-08-31,53.24,53.24,53.24,53.24,0.0
2021-09-01,53.44,53.44,53.44,53.44,0.0
2021-09-02,53.38,53.38,53.38,53.38,0.0
2021-09-03,53.44,53.44,53.44,53.44,0.0
2021-09-07,53.74,53.74,53.74,53.74,0.0
2021-09-08,53.46,53.46,53.46,53.46,0.0
2021-09-09,53.2,53.2,53.2,53.2,0.0
2021-09-10,54.04,54.04,54.04,54.04,0.0
2021-09-13,54.01,54.01,54.01,54.01,0.0
2021-09-14,54.02,54.02,54.02,54.02,0.0
2021-09-15,54.0,54.0,54.0,54.0,0.0
2021-09-16,53.95,53.95,53.95,53.95,0.0
2021-09-17,53.24,53.24,53.24,53.24,0.0
2021-09-20,52.63,52.63,52.63,52.63,0.0
2021-09-21,53.36,53.36,53.36,53.36,0.0
2021-09-22,53.67,53.67,53.67,53.67,0.0
2021-09-23,54.11,54.11,54.11,54.11,0.0
2021-09-24,54.08,54.08,54.08,54.08,0.0
2021-09-27,55.15,55.15,55.15,55.15,0.0
2021-09-28,55.25,55.25,55.25,55.25,0.0
2021-09-29,55.63,55.63,55.63,55.63,0.0
2021-09-30,55.08,55.08,55.08,55.08,0.0
2021-10-01,55.95,55.95,55.95,55.95,0.0
2021-10-04,56.32,56.32,56.32,56.32,0.0
2021-10-05,56.57,56.57,56.57,56.57,0.0
2021-10-06,55.26,55.26,55.26,55.26,0.0
2021-10-07,55.69,55.69,55.69,55.69,0.0
2021-10-08,56.22,56.22,56.22,56.22,0.0
2021-10-11,57.14,57.14,57.14,57.14,0.0
2021-10-12,57.76,57.76,57.76,57.76,0.0
2021-10-13,58.12,58.12,58.12,58.12,0.0
2021-10-14,58.27,58.27,58.27,58.27,0.0
2021-10-15,57.8,57.8,57.8,57.8,0.0
2021-10-18,57.77,57.77,57.77,57.77,0.0
2021-10-19,57.43,57.43,57.43,57.43,0.0
2021-10-20,58.44,58.44,58.44,58.44,0.0
2021-10-21,58.31,58.31,58.31,58.31,0.0
2021-10-22,58.78,58.78,58.78,58.78,0.0
2021-10-25,59.77,59.77,59.77,59.77,0.0
2021-10-26,59.9,59.9,59.9,59.9,0.0
2021-10-27,59.3,59.3,59.3,59.3,0.0
2021-10-28,58.99,58.99,58.99,58.99,0.0
2021-10-29,57.76,57.76,57.76,57.76,0.0
2021-11-01,58.18,58.18,58.18,58.18,0.0
2021-11-02,58.24,58.24,58.24,58.24,0.0
2021-11-03,58.37,58.37,58.37,58.37,0.0
2021-11-04,59.99,59.99,59.99,59.99,0.0
2021-11-05,61.11,61.11,61.11,61.11,0.0
2021-11-08,61.55,61.55,61.55,61.55,0.0
2021-11-09,61.7,61.7,61.7,61.7,0.0
2021-11-10,60.82,60.82,60.82,60.82,0.0
2021-11-11,61.14,61.14,61.14,61.14,0.0
2021-11-12,60.57,60.57,60.57,60.57,0.0
2021-11-15,60.97,60.97,60.97,60.97,0.0
2021-11-16,61.17,61.17,61.17,61.17,0.0
2021-11-17,61.12,61.12,61.12,61.12,0.0
2021-11-18,61.05,61.05,61.05,61.05,0.0
2021-11-19,59.8,59.8,59.8,59.8,0.0
2021-11-22,60.04,60.04,60.04,60.04,0.0
2021-11-23,60.76,60.76,60.76,60.76,0.0
2021-11-24,60.92,60.92,60.92,60.92,0.0
2021-11-26,58.45,58.45,58.45,58.45,0.0
2021-11-29,59.46,59.46,59.46,59.46,0.0
2021-11-30,56.76,56.76,56.76,56.76,0.0
2021-12-01,57.16,57.16,57.16,57.16,0.0
2021-12-02,57.43,57.43,57.43,57.43,0.0
2021-12-03,58.78,58.78,58.78,58.78,0.0
2021-12-06,59.89,59.89,59.89,59.89,0.0
2021-12-07,61.59,61.59,61.59,61.59,0.0
2021-12-08,61.85,61.85,61.85,61.85,0.0
2021-12-09,61.07,61.07,61.07,61.07,0.0
2021-12-10,60.87,60.87,60.87,60.87,0.0
2021-12-13,60.9,60.9,60.9,60.9,0.0
2021-12-14,60.86,60.86,60.86,60.86,0.0
2021-12-15,60.17,60.17,60.17,60.17,0.0
2021-12-16,59.61,59.61,59.61,59.61,0.0
2021-12-17,58.36,58.36,58.36,58.36,0.0
2021-12-20,57.72,57.72,57.72,57.72,0.0
2021-12-21,58.84,58.84,58.84,58.84,0.0
2021-12-22,58.32,58.32,58.32,58.32,0.0
2021-12-23,58.82,58.82,58.82,58.82,0.0
2021-12-27,59.84,59.84,59.84,59.84,0.0
2021-12-28,59.56,59.56,59.56,59.56,0.0
2021-12-29,60.1,60.1,60.1,60.1,0.0
2021-12-30,60.05,60.05,60.05,60.05,0.0
2021-12-31,58.73,58.73,58.73,58.73,0.0
2022-01-03,59.8,59.8,59.8,59.8,0.0
2022-01-04,60.47,60.47,60.47,60.47,0.0
2022-01-05,60.12,60.12,60.12,60.12,0.0
2022-01-06,60.35,60.35,60.35,60.35,0.0
2022-01-07,60.16,60.16,60.16,60.16,0.0
2022-01-10,59.86,59.86,59.86,59.86,0.0
2022-01-11,60.84,60.84,60.84,60.84,0.0
2022-01-12,60.7,60.7,60.7,60.7,0.0
2022-01-13,60.94,60.94,60.94,60.94,0.0
2022-01-14,61.31,61.31,61.31,61.31,0.0
2022-01-18,62.0,62.0,62.0,62.0,0.0
2022-01-19,62.17,62.17,62.17,62.17,0.0
2022-01-20,63.17,63.17,63.17,63.17,0.0
2022-01-21,63.74,63.74,63.74,63.74,0.0
2022-01-24,63.53,63.53,63.53,63.53,0.0
2022-01-25,64.46,64.46,64.46,64.46,0.0
2022-01-26,64.79,64.79,64.79,64.79,0.0
2022-01-27,64.44,64.44,64.44,64.44,0.0
2022-01-28,64.17,64.17,64.17,64.17,0.0
2022-01-31,64.67,64.67,64.67,64.67,0.0
2022-02-01,64.84,64.84,64.84,64.84,0.0
2022-02-02,65.0,65.0,65.0,65.0,0.0
2022-02-03,65.81,65.81,65.81,65.81,0.0
2022-02-04,66.14,66.14,66.14,66.14,0.0
2022-02-07,66.58,66.58,66.58,66.58,0.0
2022-02-08,66.24,66.24,66.24,66.24,0.0
2022-02-09,67.67,67.67,67.67,67.67,0.0
2022-02-10,68.24,68.24,68.24,68.24,0.0
2022-02-11,68.77,68.77,68.77,68.77,0.0
2022-02-14,68.89,68.89,68.89,68.89,0.0
2022-02-15,67.34,67.34,67.34,67.34,0.0
2022-02-16,67.84,67.84,67.84,67.84,0.0
2022-02-17,67.92,67.92,67.92,67.92,0.0
2022-02-18,68.22,68.22,68.22,68.22,0.0
2022-02-22,69.33,69.33,69.33,69.33,0.0
2022-02-23,70.26,70.26,70.26,70.26,0.0
2022-02-24,68.72,68.72,68.72,68.72,0.0
2022-02-25,67.29,67.29,67.29,67.29,0.0
2022-02-28,66.42,66.42,66.42,66.42,0.0
2022-03-01,67.97,67.97,67.97,67.97,0.0
2022-03-02,70.65,70.65,70.65,70.65,0.0
2022-03-03,70.9,70.9,70.9,70.9,0.0
2022-03-04,71.84,71.84,71.84,71.84,0.0
2022-03-07,70.94,70.94,70.94,70.94,0.0
2022-03-08,68.08,68.08,68.08,68.08,0.0
2022-03-09,67.11,67.11,67.11,67.11,0.0
2022-03-10,67.35,67.35,67.35,67.35,0.0
2022-03-11,69.15,69.15,69.15,69.15,0.0
2022-03-14,67.73,67.73,67.73,67.73,0.0
2022-03-15,69.04,69.04,69.04,69.04,0.0
2022-03-16,67.67,67.67,67.67,67.67,0.0
2022-03-17,69.55,69.55,69.55,69.55,0.0
2022-03-18,69.44,69.44,69.44,69.44,0.0
2022-03-21,70.81,70.81,70.81,70.81,0.0
2022-03-22,70.69,70.69,70.69,70.69,0.0
2022-03-23,71.1,71.1,71.1,71.1,0.0
2022-03-24,69.55,69.55,69.55,69.55,0.0
2022-03-25,70.6,70.6,70.6,70.6,0.0
2022-03-28,69.92,69.92,69.92,69.92,0.0
2022-03-29,69.74,69.74,69.74,69.74,0.0
2022-03-30,70.08,70.08,70.08,70.08,0.0
2022-03-31,70.28,70.28,70.28,70.28,0.0
2022-04-01,73.39,73.39,73.39,73.39,0.0
2022-04-04,73.66,73.66,73.66,73.66,0.0
2022-04-05,72.62,72.62,72.62,72.62,0.0
2022-04-06,71.52,71.52,71.52,71.52,0.0
2022-04-07,72.74,72.74,72.74,72.74,0.0
2022-04-08,72.72,72.72,72.72,72.72,0.0
2022-04-11,72.05,72.05,72.05,72.05,0.0
2022-04-12,72.27,72.27,72.27,72.27,0.0
2022-04-13,72.45,72.45,72.45,72.45,0.0
2022-04-14,71.5,71.5,71.5,71.5,0.0
2022-04-18,70.93,70.93,70.93,70.93,0.0
2022-04-19,69.74,69.74,69.74,69.74,0.0
2022-04-20,69.56,69.56,69.56,69.56,0.0
2022-04-21,70.79,70.79,70.79,70.79,0.0
2022-04-22,69.05,69.05,69.05,69.05,0.0
2022-04-25,68.49,68.49,68.49,68.49,0.0
2022-04-26,68.41,68.41,68.41,68.41,0.0
2022-04-27,67.79,67.79,67.79,67.79,0.0
2022-04-28,67.87,67.87,67.87,67.87,0.0
2022-04-29,67.2,67.2,67.2,67.2,0.0
2022-05-02,67.41,67.41,67.41,67.41,0.0
2022-05-03,67.76,67.76,67.76,67.76,0.0
2022-05-04,69.26,69.26,69.26,69.26,0.0
2022-05-05,69.62,69.62,69.62,69.62,0.0
2022-05-06,69.5,69.5,69.5,69.5,0.0
2022-05-09,67.56,67.56,67.56,67.56,0.0
2022-05-10,67.57,67.57,67.57,67.57,0.0
2022-05-11,70.55,70.55,70.55,70.55,0.0
2022-05-12,70.12,70.12,70.12,70.12,0.0
2022-05-13,69.52,69.52,69.52,69.52,0.0
2022-05-16,69.48,69.48,69.48,69.48,0.0
2022-05-17,70.62,70.62,70.62,70.62,0.0
2022-05-18,70.03,70.03,70.03,70.03,0.0
2022-05-19,70.61,70.61,70.61,70.61,0.0
2022-05-20,70.09,70.09,70.09,70.09,0.0
2022-05-23,71.11,71.11,71.11,71.11,0.0
2022-05-24,71.45,71.45,71.45,71.45,0.0
2022-05-25,71.73,71.73,71.73,71.73,0.0
2022-05-26,71.61,71.61,71.61,71.61,0.0
2022-05-27,71.42,71.42,71.42,71.42,0.0
2022-05-31,70.88,70.88,70.88,70.88,0.0
2022-06-01,70.58,70.58,70.58,70.58,0.0
2022-06-02,71.09,71.09,71.09,71.09,0.0
2022-06-03,70.69,70.69,70.69,70.69,0.0
2022-06-06,70.31,70.31,70.31,70.31,0.0
2022-06-07,71.95,71.95,71.95,71.95,0.0
2022-06-08,72.39,72.39,72.39,72.39,0.0
2022-06-09,73.26,73.26,73.26,73.26,0.0
2022-06-10,72.78,72.78,72.78,72.78,0.0
2022-06-13,73.46,73.46,73.46,73.46,0.0
2022-06-14,72.63,72.63,72.63,72.63,0.0
2022-06-15,72.39,72.39,72.39,72.39,0.0
2022-06-16,73.95,73.95,73.95,73.95,0.0
2022-06-17,72.4,72.4,72.4,72.4,0.0
2022-06-21,72.06,72.06,72.06,72.06,0.0
2022-06-22,70.83,70.83,70.83,70.83,0.0
2022-06-23,68.5,68.5,68.5,68.5,0.0
2022-06-24,70.45,70.45,70.45,70.45,0.0
2022-06-27,71.6,71.6,71.6,71.6,0.0
2022-06-28,73.26,73.26,73.26,73.26,0.0
2022-06-29,72.84,72.84,72.84,72.84,0.0
2022-06-30,70.34,70.34,70.34,70.34,0.0
2022-07-01,70.07,70.07,70.07,70.07,0.0
2022-07-05,66.83,66.83,66.83,66.83,0.0
2022-07-06,67.21,67.21,67.21,67.21,0.0
2022-07-07,68.34,68.34,68.34,68.34,0.0
2022-07-08,68.87,68.87,68.87,68.87,0.0
2022-07-11,70.57,70.57,70.57,70.57,0.0
2022-07-12,68.43,68.43,68.43,68.43,0.0
2022-07-13,69.26,69.26,69.26,69.26,0.0
2022-07-14,68.14,68.14,68.14,68.14,0.0
2022-07-15,69.08,69.08,69.08,69.08,0.0
2022-07-18,71.34,71.34,71.34,71.34,0.0
2022-07-19,71.31,71.31,71.31,71.31,0.0
2022-07-20,70.77,70.77,70.77,70.77,0.0
2022-07-21,69.75,69.75,69.75,69.75,0.0
2022-07-22,69.51,69.51,69.51,69.51,0.0
2022-07-25,70.43,70.43,70.43,70.43,0.0
2022-07-26,70.51,70.51,70.51,70.51,0.0
2022-07-27,71.97,71.97,71.97,71.97,0.0
2022-07-28,70.72,70.72,70.72,70.72,0.0
2022-07-29,71.6,71.6,71.6,71.6,0.0
2022-08-01,70.29,70.29,70.29,70.29,0.0
2022-08-02,71.85,71.85,71.85,71.85,0.0
2022-08-03,71.52,71.52,71.52,71.52,0.0
2022-08-04,69.57,69.57,69.57,69.57,0.0
2022-08-05,69.39,69.39,69.39,69.39,0.0
2022-08-08,70.91,70.91,70.91,70.91,0.0
2022-08-09,70.4,70.4,70.4,70.4,0.0
2022-08-10,71.66,71.66,71.66,71.66,0.0
2022-08-11,71.72,71.72,71.72,71.72,0.0
2022-08-12,71.55,71.55,71.55,71.55,0.0
2022-08-15,71.16,71.16,71.16,71.16,0.0
2022-08-16,70.37,70.37,70.37,70.37,0.0
2022-08-17,70.46,70.46,70.46,70.46,0.0
2022-08-18,69.62,69.62,69.62,69.62,0.0
2022-08-19,68.76,68.76,68.76,68.76,0.0
2022-08-22,68.69,68.69,68.69,68.69,0.0
2022-08-23,68.88,68.88,68.88,68.88,0.0
2022-08-24,68.44,68.44,68.44,68.44,0.0
2022-08-25,67.97,67.97,67.97,67.97,0.0
2022-08-26,67.92,67.92,67.92,67.92,0.0
2022-08-29,68.38,68.38,68.38,68.38,0.0
2022-08-30,67.1,67.1,67.1,67.1,0.0
2022-08-31,67.28,67.28,67.28,67.28,0.0
2022-09-01,65.99,65.99,65.99,65.99,0.0
2022-09-02,66.1,66.1,66.1,66.1,0.0
2022-09-06,66.13,66.13,66.13,66.13,0.0
2022-09-07,64.29,64.29,64.29,64.29,0.0
2022-09-08,64.3,64.3,64.3,64.3,0.0
2022-09-09,66.3,66.3,66.3,66.3,0.0
2022-09-12,67.23,67.23,67.23,67.23,0.0
2022-09-13,67.17,67.17,67.17,67.17,0.0
2022-09-14,67.33,67.33,67.33,67.33,0.0
2022-09-15,65.33,65.33,65.33,65.33,0.0
2022-09-16,65.18,65.18,65.18,65.18,0.0
2022-09-19,64.99,64.99,64.99,64.99,0.0
2022-09-20,63.12,63.12,63.12,63.12,0.0
2022-09-21,62.76,62.76,62.76,62.76,0.0
2022-09-22,63.21,63.21,63.21,63.21,0.0
2022-09-23,61.36,61.36,61.36,61.36,0.0
2022-09-26,61.04,61.04,61.04,61.04,0.0
2022-09-27,61.6,61.6,61.6,61.6,0.0
2022-09-28,62.87,62.87,62.87,62.87,0.0
2022-09-29,62.15,62.15,62.15,62.15,0.0
2022-09-30,61.15,61.15,61.15,61.15,0.0
2022-10-03,62.48,62.48,62.48,62.48,0.0
2022-10-04,63.52,63.52,63.52,63.52,0.0
2022-10-05,64.76,64.76,64.76,64.76,0.0
2022-10-06,65.51,65.51,65.51,65.51,0.0
2022-10-07,66.39,66.39,66.39,66.39,0.0
2022-10-10,65.85,65.85,65.85,65.85,0.0
2022-10-11,65.32,65.32,65.32,65.32,0.0
2022-10-12,64.23,64.23,64.23,64.23,0.0
2022-10-13,64.62,64.62,64.62,64.62,0.0
2022-10-14,63.58,63.58,63.58,63.58,0.0
2022-10-17,64.22,64.22,64.22,64.22,0.0
2022-10-18,65.08,65.08,65.08,65.08,0.0
2022-10-19,66.61,66.61,66.61,66.61,0.0
2022-10-20,66.41,66.41,66.41,66.41,0.0
2022-10-21,65.97,65.97,65.97,65.97,0.0
2022-10-24,65.51,65.51,65.51,65.51,0.0
2022-10-25,66.49,66.49,66.49,66.49,0.0
2022-10-26,67.0,67.0,67.0,67.0,0.0
2022-10-27,67.39,67.39,67.39,67.39,0.0
2022-10-28,66.66,66.66,66.66,66.66,0.0
2022-10-31,67.25,67.25,67.25,67.25,0.0
2022-11-01,67.39,67.39,67.39,67.39,0.0
2022-11-02,68.26,68.26,68.26,68.26,0.0
2022-11-03,67.69,67.69,67.69,67.69,0.0
2022-11-04,68.43,68.43,68.43,68.43,0.0
2022-11-07,68.53,68.53,68.53,68.53,0.0
2022-11-08,67.7,67.7,67.7,67.7,0.0
2022-11-09,66.62,66.62,66.62,66.62,0.0
2022-11-10,66.45,66.45,66.45,66.45,0.0
2022-11-11,67.78,67.78,67.78,67.78,0.0
2022-11-14,67.61,67.61,67.61,67.61,0.0
2022-11-15,68.84,68.84,68.84,68.84,0.0
2022-11-16,67.42,67.42,67.42,67.42,0.0
2022-11-17,67.34,67.34,67.34,67.34,0.0
2022-11-18,66.86,66.86,66.86,66.86,0.0
2022-11-21,67.64,67.64,67.64,67.64,0.0
2022-11-22,67.53,67.53,67.53,67.53,0.0
2022-11-23,67.29,67.29,67.29,67.29,0.0
2022-11-25,66.97,66.97,66.97,66.97,0.0
2022-11-28,67.57,67.57,67.57,67.57,0.0
2022-11-29,67.77,67.77,67.77,67.77,0.0
2022-11-30,68.69,68.69,68.69,68.69,0.0
2022-12-01,68.68,68.68,68.68,68.68,0.0
2022-12-02,69.23,69.23,69.23,69.23,0.0
2022-12-05,68.27,68.27,68.27,68.27,0.0
2022-12-06,66.79,66.79,66.79,66.79,0.0
2022-12-07,65.62,65.62,65.62,65.62,0.0
2022-12-08,65.14,65.14,65.14,65.14,0.0
2022-12-09,65.77,65.77,65.77,65.77,0.0
2022-12-12,66.69,66.69,66.69,66.69,0.0
2022-12-13,66.27,66.27,66.27,66.27,0.0
2022-12-14,66.3,66.3,66.3,66.3,0.0
2022-12-15,65.1,65.1,65.1,65.1,0.0
2022-12-16,64.85,64.85,64.85,64.85,0.0
2022-12-19,65.26,65.26,65.26,65.26,0.0
2022-12-20,65.79,65.79,65.79,65.79,0.0
2022-12-21,65.73,65.73,65.73,65.73,0.0
2022-12-22,65.15,65.15,65.15,65.15,0.0
2022-12-23,66.33,66.33,66.33,66.33,0.0
2022-12-27,66.39,66.39,66.39,66.39,0.0
2022-12-28,66.92,66.92,66.92,66.92,0.0
2022-12-29,66.16,66.16,66.16,66.16,0.0
2022-12-30,67.22,67.22,67.22,67.22,0.0
2023-01-03,65.9,65.9,65.9,65.9,0.0
2023-01-04,65.41,65.41,65.41,65.41,0.0
2023-01-05,65.48,65.48,65.48,65.48,0.0
2023-01-06,65.65,65.65,65.65,65.65,0.0
2023-01-09,66.59,66.59,66.59,66.59,0.0
2023-01-10,66.39,66.39,66.39,66.39,0.0
2023-01-11,67.4,67.4,67.4,67.4,0.0
2023-01-12,67.39,67.39,67.39,67.39,0.0
2023-01-13,67.73,67.73,67.73,67.73,0.0
2023-01-17,66.28,66.28,66.28,66.28,0.0
2023-01-18,66.11,66.11,66.11,66.11,0.0
2023-01-19,66.73,66.73,66.73,66.73,0.0
2023-01-20,67.03,67.03,67.03,67.03,0.0
2023-01-23,67.68,67.68,67.68,67.68,0.0
2023-01-24,66.78,66.78,66.78,66.78,0.0
2023-01-25,66.39,66.39,66.39,66.39,0.0
2023-01-26,66.24,66.24,66.24,66.24,0.0
2023-01-27,65.67,65.67,65.67,65.67,0.0
2023-01-30,65.47,65.47,65.47,65.47,0.0
2023-01-31,66.38,66.38,66.38,66.38,0.0
2023-02-01,65.28,65.28,65.28,65.28,0.0
2023-02-02,65.23,65.23,65.23,65.23,0.0
2023-02-03,63.87,63.87,63.87,63.87,0.0
2023-02-06,64.45,64.45,64.45,64.45,0.0
2023-02-07,65.07,65.07,65.07,65.07,0.0
2023-02-08,65.73,65.73,65.73,65.73,0.0
2023-02-09,65.47,65.47,65.47,65.47,0.0
2023-02-10,66.12,66.12,66.12,66.12,0.0
2023-02-13,66.79,66.79,66.79,66.79,0.0
2023-02-14,66.71,66.71,66.71,66.71,0.0
2023-02-15,66.93,66.93,66.93,66.93,0.0
2023-02-16,67.01,67.01,67.01,67.01,0.0
2023-02-17,65.99,65.99,65.99,65.99,0.0
2023-02-21,66.19,66.19,66.19,66.19,0.0
2023-02-22,65.72,65.72,65.72,65.72,0.0
2023-02-23,65.89,65.89,65.89,65.89,0.0
2023-02-24,65.68,65.68,65.68,65.68,0.0
2023-02-27,64.9,64.9,64.9,64.9,0.0
2023-02-28,64.63,64.63,64.63,64.63,0.0
2023-03-01,65.0,65.0,65.0,65.0,0.0
2023-03-02,65.39,65.39,65.39,65.39,0.0
2023-03-03,66.38,66.38,66.38,66.38,0.0
2023-03-06,66.6,66.6,66.6,66.6,0.0
2023-03-07,65.17,65.17,65.17,65.17,0.0
2023-03-08,64.92,64.92,64.92,64.92,0.0
2023-03-09,64.6,64.6,64.6,64.6,0.0
2023-03-10,64.82,64.82,64.82,64.82,0.0
2023-03-13,64.17,64.17,64.17,64.17,0.0
2023-03-14,63.12,63.12,63.12,63.12,0.0
2023-03-15,61.69,61.69,61.69,61.69,0.0
2023-03-16,62.36,62.36,62.36,62.36,0.0
2023-03-17,62.22,62.22,62.22,62.22,0.0
2023-03-20,62.62,62.62,62.62,62.62,0.0
2023-03-21,62.88,62.88,62.88,62.88,0.0
2023-03-22,63.07,63.07,63.07,63.07,0.0
2023-03-23,63.02,63.02,63.02,63.02,0.0
2023-03-24,62.97,62.97,62.97,62.97,0.0
2023-03-27,64.31,64.31,64.31,64.31,0.0
2023-03-28,64.44,64.44,64.44,64.44,0.0
2023-03-29,64.41,64.41,64.41,64.41,0.0
2023-03-30,64.41,64.41,64.41,64.41,0.0
2023-03-31,64.64,64.64,64.64,64.64,0.0
2023-04-03,65.13,65.13,65.13,65.13,0.0
2023-04-04,65.2,65.2,65.2,65.2,0.0
2023-04-05,65.33,65.33,65.33,65.33,0.0
2023-04-06,65.2,65.2,65.2,65.2,0.0
2023-04-10,64.97,64.97,64.97,64.97,0.0
2023-04-11,65.63,65.63,65.63,65.63,0.0
2023-04-12,66.39,66.39,66.39,66.39,0.0
2023-04-13,66.39,66.39,66.39,66.39,0.0
2023-04-14,66.62,66.62,66.62,66.62,0.0
2023-04-17,66.36,66.36,66.36,66.36,0.0
2023-04-18,66.71,66.71,66.71,66.71,0.0
2023-04-19,66.05,66.05,66.05,66.05,0.0
2023-04-20,65.17,65.17,65.17,65.17,0.0
2023-04-21,66.46,66.46,66.46,66.46,0.0
2023-04-24,66.9,66.9,66.9,66.9,0.0
2023-04-25,65.52,65.52,65.52,65.52,0.0
2023-04-26,64.94,64.94,64.94,64.94,0.0
2023-04-27,64.64,64.64,64.64,64.64,0.0
2023-04-28,65.98,65.98,65.98,65.98,0.0
2023-05-01,65.18,65.18,65.18,65.18,0.0
2023-05-02,63.79,63.79,63.79,63.79,0.0
2023-05-03,62.44,62.44,62.44,62.44,0.0
2023-05-04,61.53,61.53,61.53,61.53,0.0
2023-05-05,62.94,62.94,62.94,62.94,0.0
2023-05-08,63.96,63.96,63.96,63.96,0.0
2023-05-09,64.66,64.66,64.66,64.66,0.0
2023-05-10,64.25,64.25,64.25,64.25,0.0
2023-05-11,63.12,63.12,63.12,63.12,0.0
2023-05-12,62.61,62.61,62.61,62.61,0.0
2023-05-15,63.19,63.19,63.19,63.19,0.0
2023-05-16,63.16,63.16,63.16,63.16,0.0
2023-05-17,64.46,64.46,64.46,64.46,8.0
2023-05-18,64.35,64.35,64.35,64.35,0.0
2023-05-19,63.2,63.2,63.2,63.2,0.0
2023-05-22,63.21,63.21,63.21,63.21,0.0
2023-05-23,63.72,63.72,63.72,63.72,0.0
2023-05-24,64.56,64.56,64.56,64.56,0.0
2023-05-25,63.24,63.24,63.24,63.24,0.0
2023-05-26,63.89,63.89,63.89,63.89,0.0
2023-05-30,62.4,62.4,62.4,62.4,0.0
2023-05-31,61.57,61.57,61.57,61.57,0.0
2023-06-01,62.5,62.5,62.5,62.5,0.0
2023-06-02,63.32,63.32,63.32,63.32,0.0
2023-06-05,62.91,62.91,62.91,62.91,0.0
2023-06-06,62.69,62.69,62.69,62.69,0.0
2023-06-07,63.1,63.1,63.1,63.1,0.0
2023-06-08,62.26,62.26,62.26,62.26,0.0
2023-06-09,62.11,62.11,62.11,62.11,0.0
2023-06-12,60.97,60.97,60.97,60.97,0.0
2023-06-13,62.59,62.59,62.59,62.59,0.0
2023-06-14,61.97,61.97,61.97,61.97,0.0
2023-06-15,63.46,63.46,63.46,63.46,0.0
2023-06-16,64.0,64.0,64.0,64.0,0.0
2023-06-20,63.64,63.64,63.64,63.64,0.0
2023-06-21,64.26,64.26,64.26,64.26,0.0
2023-06-22,62.95,62.95,62.95,62.95,0.0
2023-06-23,62.67,62.67,62.67,62.67,0.0
2023-06-26,62.89,62.89,62.89,62.89,0.0
2023-06-27,62.86,62.86,62.86,62.86,0.0
2023-06-28,63.32,63.32,63.32,63.32,0.0
2023-06-29,63.3,63.3,63.3,63.3,0.0
2023-06-30,63.59,63.59,63.59,63.59,0.0
2023-07-03,62.52,62.52,62.52,62.52,0.0
2023-07-05,63.89,63.89,63.89,63.89,0.0
2023-07-06,63.55,63.55,63.55,63.55,0.0
2023-07-07,63.88,63.88,63.88,63.88,0.0
2023-07-10,64.25,64.25,64.25,64.25,0.0
2023-07-11,65.14,65.14,65.14,65.14,0.0
2023-07-12,65.39,65.39,65.39,65.39,0.0
2023-07-13,65.99,65.99,65.99,65.99,0.0
2023-07-14,65.23,65.23,65.23,65.23,0.0
2023-07-17,65.16,65.16,65.16,65.16,0.0
2023-07-18,66.06,66.06,66.06,66.06,0.0
2023-07-19,66.45,66.45,66.45,66.45,0.0
2023-07-20,66.43,66.43,66.43,66.43,0.0
2023-07-21,66.86,66.86,66.86,66.86,0.0
2023-07-24,67.62,67.62,67.62,67.62,0.0
2023-07-25,67.74,67.74,67.74,67.74,0.0
2023-07-26,67.59,67.59,67.59,67.59,0.0
2023-07-27,68.16,68.16,68.16,68.16,4.0
2023-07-28,68.61,68.61,68.61,68.61,0.0
2023-07-31,68.97,68.97,68.97,68.97,25.0
2023-08-01,68.72,68.72,68.72,68.72,0.0
2023-08-02,67.61,67.61,67.61,67.61,0.0
2023-08-03,68.59,68.59,68.59,68.59,0.0
2023-08-04,69.33,69.33,69.33,69.33,0.0
2023-08-07,69.41,69.41,69.41,69.41,0.0
2023-08-08,69.98,69.98,69.98,69.98,0.0
2023-08-09,70.38,70.38,70.38,70.38,0.0
2023-08-10,69.8,69.8,69.8,69.8,0.0
2023-08-11,69.67,69.67,69.67,69.67,0.0
2023-08-14,69.54,69.54,69.54,69.54,0.0
2023-08-15,68.92,68.92,68.92,68.92,0.0
2023-08-16,69.01,69.01,69.01,69.01,0.0
2023-08-17,69.31,69.31,69.31,69.31,38.0
2023-08-18,69.8,69.8,69.8,69.8,0.0
2023-08-21,69.84,69.84,69.84,69.84,0.0
2023-08-22,69.73,69.73,69.73,69.73,0.0
2023-08-23,69.33,69.33,69.33,69.33,0.0
2023-08-24,68.76,68.76,68.76,68.76,0.0
2023-08-25,69.2,69.2,69.2,69.2,0.0
2023-08-28,68.99,68.99,68.99,68.99,0.0
2023-08-29,69.59,69.59,69.59,69.59,0.0
2023-08-30,69.58,69.58,69.58,69.58,0.0
2023-08-31,70.05,70.05,70.05,70.05,21.0
2023-09-01,70.77,70.77,70.77,70.77,0.0
2023-09-05,71.25,71.25,71.25,71.25,0.0
2023-09-06,71.22,71.22,71.22,71.22,0.0
2023-09-07,71.46,71.46,71.46,71.46,29.0
2023-09-08,71.32,71.32,71.32,71.32,5.0
2023-09-11,71.5,71.5,71.5,71.5,30.0
2023-09-12,71.69,71.69,71.69,71.69,13.0
2023-09-13,71.53,71.53,71.53,71.53,0.0
2023-09-14,71.97,71.97,71.97,71.97,0.0
2023-09-15,71.52,71.52,71.52,71.52,0.0
2023-09-18,71.9,71.9,71.9,71.9,0.0
2023-09-19,72.0,72.0,72.0,72.0,0.0
2023-09-20,72.08,72.08,72.08,72.08,46.0
2023-09-21,72.26,72.26,72.26,72.26,0.0
2023-09-22,71.46,71.46,71.46,71.46,0.0
2023-09-25,71.75,71.75,71.75,71.75,0.0
2023-09-26,71.91,71.91,71.91,71.91,0.0
2023-09-27,72.32,72.32,72.32,72.32,0.0
2023-09-28,72.14,72.14,72.14,72.14,2.0
2023-09-29,71.8,71.8,71.8,71.8,0.0
2023-10-02,71.65,71.65,71.65,71.65,0.0
2023-10-03,71.55,71.55,71.55,71.55,0.0
2023-10-04,68.58,68.58,68.58,68.58,0.0
2023-10-05,67.68,67.68,67.68,67.68,0.0
2023-10-06,67.82,67.82,67.82,67.82,0.0
2023-10-09,69.04,69.04,69.04,69.04,0.0
2023-10-10,69.83,69.83,69.83,69.83,100.0
2023-10-11,70.06,70.06,70.06,70.06,0.0
2023-10-12,70.09,70.09,70.09,70.09,0.0
2023-10-13,71.69,71.69,71.69,71.69,0.0
2023-10-16,71.79,71.79,71.79,71.79,0.0
2023-10-17,71.99,71.99,71.99,71.99,0.0
2023-10-18,72.49,72.49,72.49,72.49,0.0
2023-10-19,72.17,72.17,72.17,72.17,0.0
2023-10-20,71.74,71.74,71.74,71.74,0.0
2023-10-23,71.28,71.28,71.28,71.28,6.0
2023-10-24,70.9,70.9,70.9,70.9,0.0
2023-10-25,71.82,71.82,71.82,71.82,0.0
2023-10-26,71.11,71.11,71.11,71.11,0.0
2023-10-27,71.95,71.95,71.95,71.95,0.0
2023-10-30,70.85,70.85,70.85,70.85,0.0
2023-10-31,70.49,70.49,70.49,70.49,0.0
2023-11-01,70.18,70.18,70.18,70.18,0.0
2023-11-02,71.11,71.11,71.11,71.11,0.0
2023-11-03,70.27,70.27,70.27,70.27,0.0
2023-11-06,71.0,71.0,71.0,71.0,0.0
2023-11-07,68.68,68.68,68.68,68.68,0.0
2023-11-08,67.6,67.6,67.6,67.6,0.0
2023-11-09,68.05,68.05,68.05,68.05,0.0
2023-11-10,68.93,68.93,68.93,68.93,0.0
2023-11-13,69.53,69.53,69.53,69.53,0.0
2023-11-14,69.05,69.05,69.05,69.05,0.0
2023-11-15,68.74,68.74,68.74,68.74,28.0
2023-11-16,66.71,66.71,66.71,66.71,0.0
2023-11-17,68.57,68.57,68.57,68.57,0.0
2023-11-20,69.45,69.45,69.45,69.45,35.0
2023-11-21,69.31,69.31,69.31,69.31,5.0
2023-11-22,68.77,68.77,68.77,68.77,0.0
2023-11-24,68.02,68.02,68.02,68.02,0.0
2023-11-27,67.68,67.68,67.68,67.68,0.0
2023-11-28,68.36,68.36,68.36,68.36,0.0
2023-11-29,69.13,69.13,69.13,69.13,0.0
2023-11-30,67.91,67.91,67.91,67.91,0.0
2023-12-01,67.09,67.09,67.09,67.09,0.0
2023-12-04,67.39,67.39,67.39,67.39,0.0
2023-12-05,66.85,66.85,66.85,66.85,0.0
2023-12-06,65.64,65.64,65.64,65.64,2.0
2023-12-07,65.62,65.62,65.62,65.62,0.0
2023-12-08,66.5,66.5,66.5,66.5,0.0
2023-12-11,66.89,66.89,66.89,66.89,0.0
2023-12-12,65.46,65.46,65.46,65.46,0.0
2023-12-13,66.25,66.25,66.25,66.25,0.0
2023-12-14,67.54,67.54,67.54,67.54,0.0
2023-12-15,67.42,67.42,67.42,67.42,25.0
2023-12-18,67.82,67.82,67.82,67.82,10.0
2023-12-19,68.38,68.38,68.38,68.38,0.0
2023-12-20,68.14,68.14,68.14,68.14,0.0
2023-12-21,67.58,67.58,67.58,67.58,0.0
2023-12-22,66.84,66.84,66.84,66.84,0.0
2023-12-26,67.48,67.48,67.48,67.48,0.0
2023-12-27,67.21,67.21,67.21,67.21,0.0
2023-12-28,65.86,65.86,65.86,65.86,0.0
2023-12-29,65.64,65.64,65.64,65.64,0.0
2024-01-02,65.31,65.31,65.31,65.31,0.0
2024-01-03,66.55,66.55,66.55,66.55,0.0
2024-01-04,66.05,66.05,66.05,66.05,100.0
2024-01-05,66.63,66.63,66.63,66.63,0.0
2024-01-08,65.29,65.29,65.29,65.29,0.0
2024-01-09,65.7,65.7,65.7,65.7,0.0
2024-01-10,65.51,65.51,65.51,65.51,0.0
2024-01-11,65.92,65.92,65.92,65.92,100.0
2024-01-12,66.69,66.69,66.69,66.69,60.0
2024-01-16,66.26,66.26,66.26,66.26,0.0
2024-01-17,66.1,66.1,66.1,66.1,100.0
2024-01-18,66.72,66.72,66.72,66.72,2.0
2024-01-19,66.16,66.16,66.16,66.16,0.0
2024-01-22,67.29,67.29,67.29,67.29,0.0
2024-01-23,67.1,67.1,67.1,67.1,0.0
2024-01-24,67.41,67.41,67.41,67.41,0.0
2024-01-25,68.36,68.36,68.36,68.36,30.0
2024-01-26,68.84,68.84,68.84,68.84,0.0
2024-01-29,68.13,68.13,68.13,68.13,50.0
2024-01-30,68.78,68.78,68.78,68.78,0.0
2024-01-31,67.72,67.72,67.72,67.72,0.0
2024-02-01,66.37,66.37,66.37,66.37,0.0
2024-02-02,65.63,65.63,65.63,65.63,0.0
2024-02-05,66.16,66.16,66.16,66.16,0.0
2024-02-06,66.22,66.22,66.22,66.22,0.0
2024-02-07,66.57,66.57,66.57,66.57,0.0
2024-02-08,67.58,67.58,67.58,67.58,18.0
2024-02-09,68.03,68.03,68.03,68.03,0.0
2024-02-12,68.15,68.15,68.15,68.15,0.0
2024-02-13,68.39,68.39,68.39,68.39,0.0
2024-02-14,67.74,67.74,67.74,67.74,6.0
2024-02-15,68.13,68.13,68.13,68.13,0.0
2024-02-16,68.37,68.37,68.37,68.37,0.0
2024-02-20,67.49,67.49,67.49,67.49,0.0
2024-02-21,67.69,67.69,67.69,67.69,13.0
2024-02-22,67.97,67.97,67.97,67.97,0.0
2024-02-23,67.25,67.25,67.25,67.25,0.0
2024-02-26,67.59,67.59,67.59,67.59,11.0
2024-02-27,67.97,67.97,67.97,67.97,0.0
2024-02-28,67.73,67.73,67.73,67.73,2.0
2024-02-29,67.51,67.51,67.51,67.51,0.0
2024-03-01,67.81,67.81,67.81,67.81,3.0
2024-03-04,68.25,68.25,68.25,68.25,0.0
2024-03-05,67.69,67.69,67.69,67.69,154.0
2024-03-06,67.87,67.87,67.87,67.87,15.0
2024-03-07,68.02,68.02,68.02,68.02,10.0
2024-03-08,67.6,67.6,67.6,67.6,10.0
2024-03-11,68.13,68.13,68.13,68.13,0.0
2024-03-12,68.01,68.01,68.01,68.01,0.0
2024-03-13,68.92,68.92,68.92,68.92,561.0
2024-03-14,69.41,69.41,69.41,69.41,126.0
2024-03-15,69.68,69.68,69.68,69.68,0.0
2024-03-18,70.07,70.07,70.07,70.07,149.0
2024-03-19,70.29,70.29,70.29,70.29,0.0
2024-03-20,69.8,69.8,69.8,69.8,20.0
2024-03-21,69.86,69.86,69.86,69.86,8.0
2024-03-22,69.46,69.46,69.46,69.46,0.0
2024-03-25,70.11,70.11,70.11,70.11,0.0
2024-03-26,70.03,70.03,70.03,70.03,18.0
2024-03-27,70.02,70.02,70.02,70.02,10.0
2024-03-28,70.62,70.62,70.62,70.62,150.0
2024-04-01,70.58,70.58,70.58,70.58,0.0
2024-04-02,70.85,70.85,70.85,70.85,31.0
2024-04-03,71.31,71.31,71.31,71.31,1.0
2024-04-04,71.73,71.73,71.73,71.73,9.0
2024-04-05,71.57,71.57,71.57,71.57,50.0
2024-04-08,71.42,71.42,71.42,71.42,6.0
2024-04-09,70.94,70.94,70.94,70.94,41.0
2024-04-10,71.4,71.4,71.4,71.4,41.0
2024-04-11,71.42,71.42,71.42,71.42,0.0
2024-04-12,71.86,71.86,71.86,71.86,0.0
2024-04-15,72.14,72.14,72.14,72.14,6.0
2024-04-16,72.36,72.36,72.36,72.36,635.0
2024-04-17,71.16,71.16,71.16,71.16,150.0
2024-04-18,70.98,70.98,70.98,70.98,0.0
2024-04-19,70.73,70.73,70.73,70.73,178.0
2024-04-22,70.55,70.55,70.55,70.55,100.0
2024-04-23,71.07,71.07,71.07,71.07,0.0
2024-04-24,71.24,71.24,71.24,71.24,0.0
2024-04-25,71.51,71.51,71.51,71.51,0.0
2024-04-26,71.79,71.79,71.79,71.79,161.0
2024-04-29,71.34,71.34,71.34,71.34,99.0
2024-04-30,70.99,70.99,70.99,70.99,341.0
2024-05-01,69.16,69.16,69.16,69.16,101.0
2024-05-02,69.6,69.6,69.6,69.6,0.0
2024-05-03,69.71,69.71,69.71,69.71,0.0
2024-05-06,70.02,70.02,70.02,70.02,0.0
2024-05-07,69.86,69.86,69.86,69.86,145.0
2024-05-08,69.7,69.7,69.7,69.7,7.0
2024-05-09,69.86,69.86,69.86,69.86,110.0
2024-05-10,69.38,69.38,69.38,69.38,6.0
2024-05-13,69.69,69.69,69.69,69.69,0.0
2024-05-14,69.54,69.54,69.54,69.54,0.0
2024-05-15,69.77,69.77,69.77,69.77,0.0
2024-05-16,70.16,70.16,70.16,70.16,0.0
2024-05-17,70.67,70.67,70.67,70.67,0.0
2024-05-20,70.82,70.82,70.82,70.82,22.0
2024-05-21,70.6,70.6,70.6,70.6,20.0
2024-05-22,69.63,69.63,69.63,69.63,0.0
2024-05-23,69.28,69.28,69.28,69.28,0.0
2024-05-24,69.48,69.48,69.48,69.48,0.0
2024-05-28,70.84,70.84,70.84,70.84,38.0
2024-05-29,70.57,70.57,70.57,70.57,0.0
2024-05-30,69.92,69.92,69.92,69.92,0.0
2024-05-31,70.14,70.14,70.14,70.14,0.0
2024-06-03,68.59,68.59,68.59,68.59,1.0
2024-06-04,67.28,67.28,67.28,67.28,1.0
2024-06-05,67.3,67.3,67.3,67.3,163.0
2024-06-06,68.11,68.11,68.11,68.11,0.0
2024-06-07,68.59,68.59,68.59,68.59,0.0
2024-06-10,69.7,69.7,69.7,69.7,41.0
2024-06-11,70.09,70.09,70.09,70.09,605.0
2024-06-12,70.32,70.32,70.32,70.32,73.0
2024-06-13,70.58,70.58,70.39,70.39,73.0
2024-06-14,70.02,70.02,70.02,70.02,90.0
2024-06-17,70.06,70.06,70.06,70.06,0.0
2024-06-18,70.98,70.98,70.98,70.98,680.0
2024-06-20,71.25,71.25,71.25,71.25,35.0
2024-06-21,70.85,70.85,70.85,70.85,198.0
2024-06-24,71.46,71.46,71.46,71.46,136.0
2024-06-25,71.23,71.23,71.23,71.23,9.0
2024-06-26,71.57,71.57,71.57,71.57,233.0
2024-06-27,71.53,71.53,71.53,71.53,131.0
2024-06-28,71.32,71.32,71.32,71.32,36.0
2024-07-01,72.31,72.31,72.31,72.31,132.0
2024-07-02,72.3,72.3,72.3,72.3,14.0
2024-07-03,72.9,72.9,72.9,72.9,0.0
2024-07-05,72.39,72.39,72.39,72.39,5.0
2024-07-08,72.26,72.26,72.26,72.26,2.0
2024-07-09,71.47,71.47,71.47,71.47,508.0
2024-07-10,71.48,71.48,71.48,71.48,15.0
2024-07-11,71.44,71.44,71.44,71.44,65.0
2024-07-12,71.39,71.39,71.39,71.39,65.0
2024-07-15,71.17,71.17,71.17,71.17,1.0
2024-07-16,69.82,70.5,69.82,70.5,1.0
2024-07-17,71.0,71.0,71.0,71.0,50.0
2024-07-18,71.04,71.04,71.04,71.04,85.0
2024-07-19,69.53,69.53,69.53,69.53,17.0
2024-07-22,69.79,69.79,69.79,69.79,12.0
2024-07-23,68.67,68.67,68.67,68.67,127.0
2024-07-24,69.27,69.27,69.27,69.27,62.0
2024-07-25,69.58,69.58,69.58,69.58,5.0
2024-07-26,69.09,69.09,69.09,69.09,9.0
2024-07-29,68.68,68.68,68.68,68.68,5.0
2024-07-30,68.34,68.34,68.26,68.26,5.0
2024-07-31,69.66,69.66,69.66,69.66,21.0
2024-08-01,68.97,68.97,68.97,68.97,9.0
2024-08-02,66.97,66.97,66.97,66.97,3.0
2024-08-05,67.24,67.24,66.8,67.07,35.0
2024-08-06,66.78,66.78,66.78,66.78,15.0
2024-08-07,67.73,67.73,67.73,67.73,30.0
2024-08-08,68.47,68.47,68.47,68.47,30.0
2024-08-09,68.84,68.84,68.84,68.84,31.0
2024-08-12,70.32,70.32,70.32,70.32,0.0
2024-08-13,69.35,69.35,69.35,69.35,120.0
2024-08-14,69.03,69.03,69.03,69.03,18.0
2024-08-15,69.62,69.62,69.62,69.62,55.0
2024-08-16,68.79,68.79,68.79,68.79,1.0
2024-08-19,67.93,67.93,67.93,67.93,0.0
2024-08-20,67.3,67.32,67.3,67.31,12.0
2024-08-21,66.67,66.67,66.67,66.67,3.0
2024-08-22,67.19,67.19,67.19,67.19,30.0
2024-08-23,68.3,68.3,68.3,68.3,20.0
2024-08-26,69.34,69.34,69.34,69.34,6.0
2024-08-27,68.51,68.51,68.51,68.51,1393.0
2024-08-28,67.79,67.79,67.79,67.79,94.0
2024-08-29,68.59,68.59,68.59,68.59,144.0
2024-08-30,67.45,67.45,67.45,67.45,3.0
2024-09-03,65.67,65.67,65.67,65.67,8.0
2024-09-04,65.41,65.41,65.41,65.41,1.0
2024-09-05,65.88,65.88,65.88,65.88,1748.0
2024-09-06,64.95,64.95,64.95,64.95,44.0
2024-09-09,65.08,65.08,65.08,65.08,9.0
2024-09-10,63.29,63.29,63.29,63.29,435.0
2024-09-11,64.27,64.27,64.27,64.27,23.0
2024-09-12,65.31,65.31,65.31,65.31,20.0
2024-09-13,64.83,64.83,64.83,64.83,27.0
2024-09-16,65.66,65.66,65.66,65.66,40.0
2024-09-17,66.26,66.26,66.26,66.26,131.0
2024-09-18,66.18,66.18,66.18,66.18,109.0
2024-09-19,66.68,66.68,66.68,66.68,402.0
2024-09-20,66.64,66.64,66.64,66.64,168.0
2024-09-23,66.52,66.52,66.52,66.52,342.0
2024-09-24,67.41,67.41,67.41,67.41,54.0
2024-09-25,66.53,66.53,66.53,66.53,27.0
2024-09-26,65.64,65.64,65.64,65.64,918.0
2024-09-27,65.8,65.8,65.8,65.8,135.0
2024-09-30,66.06,66.06,66.06,66.06,172.0
2024-10-01,66.6,67.61,65.21,67.03,539.0
2024-10-02,67.04,67.04,67.04,67.04,553.0
2024-10-03,69.21,69.21,69.21,69.21,303.0
2024-10-04,68.86,68.86,68.86,68.86,266.0
2024-10-07,70.66,70.66,70.66,70.66,401.0
2024-10-08,69.04,69.04,69.04,69.04,257.0
2024-10-09,68.43,68.43,68.43,68.43,54.0
2024-10-10,69.62,69.62,69.62,69.62,110.0
2024-10-11,69.66,69.66,69.66,69.66,58.0
2024-10-14,69.03,69.03,69.03,69.03,5.0
2024-10-15,66.8,66.8,66.8,66.8,23.0
2024-10-16,66.39,66.39,66.39,66.39,25.0
2024-10-17,66.67,66.67,66.67,66.67,16.0
2024-10-18,65.88,65.88,65.88,65.88,71.0
2024-10-21,66.7,66.7,66.7,66.7,51.0
2024-10-22,67.86,67.86,67.86,67.86,25.0
2024-10-23,67.08,67.08,67.08,67.08,6.0
2024-10-24,66.89,66.89,66.89,66.89,29.0
2024-10-25,67.92,67.92,67.92,67.92,49.0
2024-10-28,64.82,64.82,64.82,64.82,82.0
2024-10-29,64.74,64.74,64.74,64.74,33.0
2024-10-30,65.75,65.75,65.75,65.75,51.0
2024-10-31,66.12,66.22,65.95,65.95,83.0
2024-11-01,67.2,67.21,66.27,66.27,78.0
2024-11-04,67.18,67.18,67.18,67.18,65.0
2024-11-05,67.37,67.37,67.37,67.37,1067.0
2024-11-06,67.21,67.39,66.55,67.36,32.0
2024-11-07,67.98,67.98,67.98,67.98,37.0
2024-11-08,67.48,67.48,67.07,67.07,80.0
2024-11-11,65.71,65.71,65.71,65.71,31.0
2024-11-12,65.62,65.62,65.62,65.62,38.0
2024-11-13,65.6,65.6,65.6,65.6,9.0
2024-11-14,65.77,65.77,65.58,65.58,15.0
2024-11-15,64.51,64.51,64.51,64.51,18.0
2024-11-18,66.3,66.3,66.3,66.3,58.0
2024-11-19,66.53,66.53,66.53,66.53,41.0
2024-11-20,66.16,66.16,66.16,66.16,23.0
2024-11-21,66.64,66.64,66.64,66.64,2128.0
2024-11-22,67.28,67.28,67.28,67.28,78.0
2024-11-25,65.72,65.72,65.72,65.72,43.0
2024-11-26,65.84,65.84,65.84,65.84,143.0
2024-11-27,65.62,65.62,65.62,65.62,17.0
2024-11-29,65.14,65.14,65.14,65.14,19.0
2024-12-02,65.24,65.24,65.24,65.24,114.0
2024-12-03,66.43,66.43,66.43,66.43,76.0
2024-12-04,65.32,65.32,65.32,65.32,24.0
2024-12-05,65.28,65.28,65.16,65.16,25.0
2024-12-06,64.79,64.79,64.79,64.79,44.0
2024-12-09,65.71,65.71,65.71,65.71,423.0
2024-12-10,65.74,65.74,65.74,65.74,144.0
2024-12-11,66.45,66.45,66.45,66.45,97.0
2024-12-12,66.53,66.53,66.53,66.53,486.0
2024-12-13,67.1,67.1,67.1,67.1,57.0
2024-12-16,66.72,66.72,66.72,66.72,601.0
2024-12-17,66.16,66.16,66.16,66.16,1001.0
2024-12-18,66.08,66.08,66.08,66.08,54.0
2024-12-19,65.41,65.41,65.41,65.41,834.0
2024-12-20,65.51,65.51,65.51,65.51,67.0
2024-12-23,65.46,65.46,65.46,65.46,206.0
2024-12-24,66.01,66.01,66.01,66.01,0.0
2024-12-26,65.95,65.95,65.7,65.7,586.0
2024-12-27,66.12,66.12,66.12,66.12,549.0
2024-12-30,66.42,66.42,66.42,66.42,333.0
2024-12-31,66.95,66.95,66.95,66.95,98.0
2025-01-02,67.58,67.58,67.58,67.58,313.0
2025-01-03,67.89,67.89,67.89,67.89,288.0
2025-01-06,68.02,68.02,68.02,68.02,84.0
2025-01-07,68.25,68.25,68.25,68.25,191.0
2025-01-08,67.7,67.7,67.7,67.7,1829.0
2025-01-09,67.91,67.91,67.91,67.91,296.0
2025-01-10,68.59,68.59,68.59,68.59,815.0
2025-01-13,68.16,68.16,68.16,68.16,404.0
2025-01-14,68.55,68.55,68.55,68.55,622.0
2025-01-15,69.1,69.1,69.1,69.1,658.0
2025-01-16,68.48,68.48,68.48,68.48,1687.0
2025-01-17,68.29,68.33,68.29,68.33,514.0
2025-01-21,68.25,68.25,68.25,68.25,1801.0
2025-01-22,68.34,68.34,68.34,68.34,187.0
2025-01-23,68.21,68.21,68.21,68.21,380.0
2025-01-24,67.95,67.95,67.95,67.95,189.0
2025-01-27,66.98,66.98,66.98,66.98,444.0
2025-01-28,66.8,66.8,66.8,66.8,419.0
2025-01-29,66.33,66.33,66.33,66.33,549.0
2025-01-30,66.51,66.51,66.51,66.51,294.0
2025-01-31,66.33,66.33,66.33,66.33,388.0
2025-02-03,66.29,66.29,66.29,66.29,208.0
2025-02-04,66.84,66.84,66.84,66.84,452.0
2025-02-05,65.94,65.94,65.94,65.94,163.0
2025-02-06,66.11,66.11,66.11,66.11,131.0
2025-02-07,66.42,66.42,66.42,66.42,260.0
2025-02-10,66.85,67.17,66.85,67.17,348.0
2025-02-11,68.17,68.17,68.17,68.17,951.0
2025-02-12,67.02,67.02,67.02,67.02,1904.0
2025-02-13,66.75,66.87,66.68,66.87,110.0
2025-02-14,66.89,66.89,66.89,66.89,132.0
2025-02-18,67.32,67.32,67.32,67.32,283.0
2025-02-19,67.55,67.55,67.55,67.55,188.0
2025-02-20,67.94,67.94,67.94,67.94,107.0
2025-02-21,66.44,66.44,66.44,66.44,44.0
2025-02-24,66.51,66.51,66.5,66.5,113.0
2025-02-25,65.11,65.11,65.11,65.11,186.0
2025-02-26,64.59,64.59,64.59,64.59,465.0
2025-02-27,65.48,65.48,65.48,65.48,201.0
2025-02-28,64.85,64.87,64.85,64.87,277.0
2025-03-03,65.77,65.77,64.05,64.29,515.0
2025-03-04,63.5,64.1,63.49,64.1,571.0
2025-03-05,62.5,62.83,62.45,62.83,385.0
2025-03-06,63.1,63.1,62.71,62.71,478.0
2025-03-07,63.26,63.66,63.26,63.41,379.0
2025-03-10,62.32,62.32,62.32,62.32,587.0
2025-03-11,62.43,62.43,62.43,62.43,1449.0
2025-03-12,63.63,63.63,63.63,63.63,1721.0
2025-03-13,62.86,62.88,62.85,62.88,620.0
2025-03-14,63.34,63.36,63.34,63.36,707.0
2025-03-17,63.81,63.81,63.81,63.81,1640.0
2025-03-18,63.57,63.57,63.57,63.57,1033.0
2025-03-19,63.61,63.61,63.61,63.61,653.0
2025-03-20,64.37,64.37,64.37,64.37,377.0
2025-03-21,64.34,64.34,64.34,64.34,1937.0
2025-03-24,64.63,64.81,64.63,64.81,702.0
2025-03-25,65.0,65.0,64.83,64.83,690.0
2025-03-26,65.21,65.22,65.21,65.22,430.0
2025-03-27,65.55,65.55,65.53,65.53,516.0
2025-03-28,64.78,64.78,64.78,64.78,550.0
2025-03-31,66.0,66.0,65.97,65.97,1340.0
2025-04-01,66.1,66.13,66.1,66.13,1462.0
2025-04-02,66.32,66.32,66.32,66.32,556.0
2025-04-03,62.88,62.88,62.75,62.85,1548.0
2025-04-04,59.46,59.46,59.46,59.46,2185.0
2025-04-07,58.36,60.79,57.82,59.25,1809.0
2025-04-08,57.88,59.36,57.0,57.72,1188.0
2025-04-09,56.0,59.91,55.36,59.56,10387.0
2025-04-10,58.19,59.69,57.72,58.32,2512.0
2025-04-11,58.2,59.26,58.2,58.79,564.0
2025-04-14,59.71,59.72,59.13,59.35,774.0
2025-04-15,58.85,58.85,58.85,58.85,3099.0
2025-04-16,58.92,59.45,58.63,59.4,1854.0
2025-04-17,59.88,61.06,59.88,61.06,3439.0
2025-04-21,60.68,60.68,59.06,59.6,937.0
2025-04-22,60.88,60.88,60.65,60.65,1876.0
2025-04-23,59.68,61.03,59.68,59.9,3563.0
2025-04-24,60.45,60.45,60.45,60.45,1472.0
2025-04-25,60.69,60.69,60.39,60.67,1170.0
2025-04-28,60.83,61.09,59.72,60.1,1055.0
2025-04-29,59.99,59.99,59.12,59.2,4747.0
2025-04-30,58.61,58.68,57.11,57.11,2260.0
2025-05-01,57.02,57.97,56.09,57.97,1993.0
2025-05-02,58.14,58.17,57.4,57.66,1413.0
2025-05-05,56.34,57.05,56.33,57.04,3330.0
2025-05-06,57.48,58.95,57.48,58.65,2632.0
2025-05-07,58.89,59.26,57.62,57.72,1054.0
2025-05-08,58.89,59.09,58.89,58.95,1697.0
2025-05-09,59.14,59.77,59.12,59.51,1544.0
2025-05-12,60.09,61.4,60.09,60.59,3651.0
2025-05-13,60.55,61.79,60.51,61.7,2551.0
2025-05-14,61.43,61.62,61.05,61.2,2027.0
2025-05-15,60.35,60.35,59.82,60.18,2331.0
2025-05-16,59.98,60.62,59.88,60.45,1681.0
2025-05-19,60.17,60.66,60.07,60.28,1323.0
2025-05-20,60.21,60.68,60.0,60.51,2295.0
2025-05-21,61.41,61.41,60.18,60.25,1297.0
2025-05-22,59.48,59.89,59.41,59.89,1189.0
2025-05-23,59.57,60.24,59.14,60.09,5139.0
2025-05-27,60.01,60.04,59.22,59.63,3434.0
2025-05-28,59.97,60.37,59.93,60.16,1733.0
2025-05-29,60.36,60.95,59.01,59.13,4825.0
2025-05-30,59.61,59.69,58.26,58.64,2835.0
2025-06-02,59.76,60.56,59.65,59.86,1931.0
2025-06-03,60.07,60.97,60.06,60.85,1847.0
2025-06-04,60.65,60.86,60.04,60.24,1730.0
2025-06-05,60.23,61.03,60.17,60.66,2335.0
2025-06-06,60.51,61.36,60.3,61.31,2866.0
2025-06-09,61.19,61.71,61.11,61.66,2327.0
2025-06-10,61.65,62.05,61.42,61.47,3805.0
2025-06-11,61.52,63.3,61.36,63.22,3125.0
2025-06-12,63.5,63.52,62.39,62.93,4720.0
2025-06-13,65.44,66.49,64.23,64.89,15646.0
2025-06-16,66.02,66.33,63.42,65.24,11914.0
2025-06-17,65.5,66.92,65.33,66.85,7467.0
2025-06-18,66.32,66.84,65.72,66.76,9904.0
2025-06-20,66.38,67.54,66.38,66.9,5472.0
2025-06-23,68.22,68.22,63.49,64.48,7223.0
2025-06-24,62.83,63.51,61.44,61.44,6786.0
2025-06-25,61.98,62.34,61.0,61.05,7332.0
2025-06-26,61.12,61.97,61.03,61.45,2628.0
2025-06-27,61.78,61.79,61.04,61.39,1392.0
2025-06-30,61.29,61.6,61.09,61.32,1388.0
2025-07-01,61.19,61.66,61.16,61.51,1205.0
2025-07-02,61.97,62.37,61.4,62.37,2761.0
2025-07-03,61.87,62.23,61.78,62.23,2067.0
2025-07-07,61.78,62.99,61.75,62.78,5393.0
2025-07-08,62.78,63.63,62.58,63.34,3827.0
2025-07-09,63.39,63.61,62.89,63.14,2272.0
2025-07-10,63.24,63.46,62.21,62.34,3130.0
2025-07-11,62.79,63.54,62.79,63.47,3751.0
2025-07-14,63.89,63.89,62.8,63.06,2194.0
2025-07-15,62.92,63.19,62.69,62.69,3976.0
2025-07-16,62.81,62.83,62.19,62.52,1665.0
2025-07-17,62.51,63.25,62.47,63.17,1162.0
2025-07-18,63.41,63.8,63.2,63.21,3352.0
2025-07-21,63.11,63.3,63.03,63.29,2777.0
2025-07-22,62.96,62.97,62.7,62.9,3423.0
2025-07-23,62.88,63.09,62.82,63.01,4113.0
2025-07-24,63.28,63.5,62.91,63.38,3957.0
2025-07-25,63.61,63.61,62.72,62.75,2734.0
2025-07-28,62.76,64.17,62.76,64.03,5082.0
2025-07-29,64.06,65.78,64.06,65.62,12272.0
2025-07-30,65.57,66.05,65.1,65.81,8458.0
2025-07-31,65.77,65.88,64.96,65.14,7466.0
2025-08-01,65.17,65.21,62.97,63.27,5393.0
2025-08-04,63.18,63.52,62.33,63.01,5227.0
2025-08-05,62.86,63.02,62.18,62.23,6743.0
2025-08-06,62.73,63.19,61.57,61.69,5757.0
2025-08-07,62.14,62.17,61.6,61.62,7883.0
2025-08-08,61.52,62.05,61.25,61.49,7689.0
2025-08-11,61.2,61.91,61.08,61.74,5640.0
2025-08-12,61.81,61.99,61.31,61.41,12823.0
2025-08-13,61.41,61.48,60.47,61.03,8393.0
2025-08-14,61.21,61.68,60.87,61.59,10155.0
2025-08-15,61.62,61.65,60.88,60.97,6761.0
2025-08-18,60.77,61.65,60.76,61.48,7507.0
2025-08-19,61.16,61.38,60.81,60.88,7989.0
2025-08-20,61.05,61.88,61.04,61.76,2936.0
2025-08-21,62.01,62.46,61.74,62.38,7225.0
2025-08-22,62.29,62.62,62.17,62.47,7166.0
2025-08-25,62.57,63.48,62.57,63.31,4322.0
2025-08-26,63.05,63.14,61.97,62.0,3909.0
2025-08-27,61.92,62.44,61.8,62.41,10557.0
2025-08-28,62.05,62.91,61.98,62.87,4469.0
2025-08-29,62.51,62.75,62.21,62.28,4837.0
2025-09-02,62.16,63.93,62.11,63.84,11326.0
2025-09-03,63.89,63.91,62.66,62.75,6361.0
2025-09-04,62.55,62.55,61.63,62.12,5873.0
2025-09-05,61.93,62.07,60.63,60.92,12565.0
2025-09-08,61.06,62.04,61.06,61.43,5003.0
2025-09-09,61.8,62.58,61.79,61.82,6244.0
2025-09-10,62.24,62.83,62.2,62.64,5605.0
2025-09-11,62.68,62.69,61.46,61.57,3527.0
2025-09-12,61.29,62.73,61.03,61.91,7925.0
2025-09-15,62.13,62.65,62.13,62.36,4574.0
2025-09-16,62.48,63.26,62.09,63.21,4835.0
2025-09-17,63.25,63.25,62.36,62.6,5985.0
2025-09-18,62.41,62.97,62.03,62.16,10029.0
2025-09-19,62.12,62.29,61.21,61.36,6793.0
2025-09-22,61.68,61.84,60.85,61.39,11660.0
2025-09-23,61.1,62.62,61.01,62.16,8201.0
2025-09-24,62.37,63.19,62.06,63.17,9768.0
2025-09-25,63.13,63.48,62.63,63.27,8650.0
2025-09-26,63.44,64.4,63.12,63.91,9725.0
2025-09-29,63.42,63.75,61.91,62.21,7835.0
2025-09-30,61.85,61.97,60.99,61.26,11763.0
2025-10-01,61.35,61.62,60.52,60.83,8359.0
2025-10-02,60.81,61.46,59.83,59.9,10992.0
2025-10-03,60.09,60.54,60.0,60.18,14464.0
2025-10-06,60.46,61.08,60.34,60.93,8582.0
2025-10-07,61.07,61.24,60.15,60.77,8491.0
2025-10-08,61.07,61.55,60.99,61.3,12243.0
2025-10-09,60.96,61.49,60.25,60.55,9720.0
2025-10-10,60.58,60.65,57.78,58.33,16322.0
2025-10-13,58.75,59.36,58.59,59.02,11922.0
2025-10-14,59.16,59.27,57.49,58.32,14539.0
2025-10-15,58.42,58.79,57.94,58.02,9296.0
2025-10-16,58.38,58.59,57.06,57.23,12560.0
2025-10-17,57.23,57.75,56.61,57.64,13839.0
2025-10-20,57.7,57.7,56.74,57.57,11954.0
2025-10-21,57.45,58.29,56.96,57.6,13565.0
2025-10-22,57.94,59.58,57.68,58.57,19265.0
2025-10-23,59.56,60.63,59.28,60.11,59265.0
2025-10-24,59.86,60.57,59.72,60.07,26643.0
2025-10-27,60.45,60.48,59.5,60.04,17121.0
2025-10-28,60.22,60.22,59.09,59.52,17805.0
2025-10-29,59.53,60.09,59.27,59.9,21242.0
2025-10-30,59.6,60.02,59.01,59.85,16600.0
2025-10-31,59.6,60.29,59.31,60.0,16937.0
2025-11-03,60.4,60.59,59.76,60.31,17078.0
2025-11-04,60.12,60.27,59.43,60.05,15681.0
2025-11-05,59.84,60.39,59.3,59.36,17785.0
2025-11-06,59.46,60.09,58.9,59.26,20812.0
2025-11-07,59.29,59.99,59.19,59.6,15921.0
2025-11-10,59.64,60.13,59.32,59.99,18769.0
2025-11-11,59.88,60.94,59.63,60.9,27839.0
2025-11-12,60.82,60.88,58.43,58.6,29812.0
2025-11-13,58.36,59.04,58.26,58.57,12538.0
2025-11-14,58.54,59.87,58.54,59.6,29804.0
2025-11-17,59.2,59.83,59.04,59.51,14846.0
2025-11-18,59.36,60.25,58.98,60.07,17378.0
2025-11-19,60.08,60.1,58.28,58.61,25332.0
2025-11-20,58.7,59.34,58.05,58.34,20092.0
2025-11-21,58.01,58.05,56.98,57.6,23432.0
2025-11-24,57.61,58.48,57.13,58.34,23825.0
2025-11-25,58.31,58.31,56.82,57.64,24588.0
2025-11-26,57.68,58.28,57.4,58.23,15474.0
2025-11-28,58.12,59.0,57.8,58.01,9966.0
2025-12-01,58.64,59.24,58.29,58.79,19236.0
2025-12-02,58.95,59.0,57.86,58.09,17057.0
2025-12-03,58.14,58.94,57.83,58.32,15189.0
2025-12-04,58.36,59.24,58.25,58.88,16654.0
2025-12-05,58.84,59.6,58.68,59.37,21297.0
2025-12-08,59.46,59.56,58.15,58.27,18532.0
2025-12-09,58.25,58.56,57.75,57.87,34659.0
2025-12-10,57.95,58.5,57.31,58.04,36166.0
2025-12-11,58.35,58.35,56.72,57.28,32877.0
2025-12-12,57.55,57.74,56.73,56.96,21597.0
2025-12-15,57.01,57.3,56.1,56.58,28871.0
2025-12-16,56.38,56.43,54.97,55.13,34237.0
2025-12-17,55.17,56.57,55.12,55.76,34764.0
2025-12-18,56.6,56.62,55.7,55.87,21328.0
2025-12-19,55.88,56.47,55.58,56.29,26466.0
2025-12-22,56.55,57.75,56.55,57.68,24635.0
2025-12-23,57.52,58.04,57.43,57.91,25663.0
2025-12-24,57.96,58.23,57.68,57.92,18574.0
2025-12-26,57.98,58.37,56.34,56.43,17584.0
2025-12-29,56.64,57.82,56.64,57.62,24065.0
2025-12-30,57.36,58.0,57.18,57.52,20053.0
2025-12-31,57.46,58.06,56.8,57.0,26782.0
2026-01-02,57.04,57.5,56.26,56.93,25968.0
2026-01-05,57.0,57.91,55.97,57.83,45872.0
2026-01-06,57.78,58.21,56.42,56.69,45242.0
2026-01-07,56.66,56.76,55.57,55.78,71492.0
2026-01-08,56.08,58.32,55.74,57.48,61520.0
2026-01-09,58.01,59.22,57.33,58.67,57074.0
2026-01-12,58.42,59.31,58.06,59.01,65470.0
2026-01-13,59.22,60.57,58.92,60.41,103090.0
2026-01-14,60.35,61.64,58.84,61.4,118494.0
2026-01-15,60.44,60.56,58.49,58.78,65969.0
2026-01-16,58.83,59.67,58.54,59.06,45158.0
2026-01-20,58.7,59.94,58.29,59.86,128101.0
2026-01-21,59.21,60.39,58.85,60.21,83983.0
2026-01-22,60.13,60.34,58.7,59.04,67020.0
2026-01-23,59.25,60.8,59.19,60.56,65753.0
2026-01-26,60.69,61.17,59.98,60.26,69558.0
2026-01-27,60.34,62.0,59.79,61.84,101739.0
2026-01-28,61.91,62.84,61.52,62.59,115338.0
2026-01-29,62.71,65.48,62.54,64.6,198974.0
2026-01-30,64.51,65.13,62.86,64.32,136180.0
2026-02-02,63.63,63.68,60.69,61.34,94893.0
2026-02-03,61.42,63.35,60.37,62.48,97419.0
2026-02-04,62.93,64.67,62.15,64.36,137777.0
2026-02-05,63.85,63.94,62.08,62.73,102352.0
2026-02-06,62.6,63.98,61.78,63.15,136041.0
2026-02-09,62.79,64.4,62.25,64.02,98918.0
2026-02-10,64.07,64.31,63.34,63.61,109968.0
2026-02-11,63.81,65.35,63.81,64.26,122743.0
2026-02-12,64.54,64.7,62.05,62.47,125089.0
2026-02-13,62.59,62.89,61.85,62.58,89258.0
2026-02-17,62.9,63.75,61.62,62.13,170912.0
2026-02-18,62.07,65.19,61.92,64.84,178870.0
2026-02-19,64.71,66.67,64.62,66.2,189434.0
2026-02-20,66.49,66.79,65.63,66.24,160072.0
2026-02-23,65.72,67.05,65.24,66.13,118970.0
2026-02-24,66.13,66.97,65.46,65.54,149989.0
2026-02-25,65.97,66.47,65.05,65.33,146094.0
2026-02-26,65.55,66.55,63.57,65.11,245097.0
2026-02-27,65.37,67.65,64.76,66.89,235448.0
2026-03-02,73.71,74.7,69.0,70.72,493335.0
2026-03-03,70.66,76.75,69.93,73.55,601255.0
2026-03-04,73.56,75.99,72.19,73.46,352648.0
2026-03-05,74.61,79.47,73.79,78.64,434574.0
2026-03-06,77.2,88.16,76.4,87.52,649949.0
2026-03-09,91.91,113.41,79.0,91.48,749519.0
2026-03-10,83.0,88.49,75.64,82.1,546026.0
2026-03-11,85.11,87.32,80.6,86.07,401366.0
2026-03-12,87.46,95.68,87.18,94.43,448292.0
2026-03-13,95.52,97.31,91.09,96.84,307930.0
2026-03-16,98.76,99.95,91.82,92.46,381618.0
2026-03-17,93.42,97.65,92.88,95.53,388950.0
2026-03-18,95.27,99.78,91.45,95.46,631330.0
2026-03-19,98.06,100.48,92.1,95.55,746599.0
2026-03-20,94.46,98.75,92.47,98.23,461845.0
2026-03-23,100.51,101.67,84.37,88.13,666790.0
2026-03-24,88.78,93.36,86.34,92.35,420067.0
2026-03-25,88.49,91.73,86.46,90.32,405170.0
2026-03-26,91.38,95.44,89.51,94.48,350768.0
2026-03-27,93.31,101.24,92.08,99.64,374920.0
2026-03-30,102.6,105.36,99.38,102.88,374075.0
2026-03-31,105.07,106.86,99.62,101.38,495395.0
2026-04-01,101.72,103.31,96.5,100.12,434561.0
2026-04-02,98.92,113.97,97.5,111.54,552462.0
2026-04-06,112.96,115.48,108.89,112.41,271742.0
2026-04-07,112.62,117.63,109.2,112.95,429331.0
2026-04-08,108.74,109.19,91.03,94.41,599576.0
2026-04-09,96.78,102.7,95.25,97.87,427201.0
2026-04-10,98.23,100.42,95.51,96.57,314855.0
2026-04-13,102.0,105.63,97.03,99.08,344337.0
2026-04-14,97.99,98.0,91.06,91.28,315821.0
2026-04-15,92.02,93.3,86.96,91.29,240397.0
2026-04-16,91.47,95.44,90.52,94.69,194354.0
2026-04-17,93.18,94.04,80.56,83.85,116624.0
2026-04-20,89.0,91.2,86.98,89.61,115578.0
2026-04-21,87.89,94.45,87.6,92.13,27542.0
