DATETIME,OPEN,HIGH,LOW,FINAL,VOLUME
2011-09-14,431.0,431.0,431.0,431.0,0.0
2011-09-15,428.25,428.25,428.25,428.25,0.0
2011-09-16,430.25,430.25,430.25,430.25,0.0
2011-09-19,430.0,430.0,430.0,430.0,0.0
2011-09-20,432.0,432.0,432.0,432.0,0.0
2011-09-21,433.0,433.0,433.0,433.0,0.0
2011-09-22,421.0,421.0,421.0,421.0,0.0
2011-09-23,416.0,416.0,416.0,416.0,0.0
2011-09-26,414.5,414.5,414.5,414.5,0.0
2011-09-27,419.5,419.5,419.5,419.5,0.0
2011-09-28,419.5,419.5,419.5,419.5,0.0
2011-09-29,423.0,423.0,423.0,423.0,0.0
2011-09-30,418.0,418.0,418.0,418.0,0.0
2011-10-03,416.5,416.5,416.5,416.5,0.0
2011-10-04,413.0,413.0,413.0,413.0,0.0
2011-10-05,413.5,413.5,413.5,413.5,0.0
2011-10-06,413.0,413.0,413.0,413.0,0.0
2011-10-07,409.0,409.0,409.0,409.0,0.0
2011-10-10,412.0,412.0,412.0,412.0,0.0
2011-10-11,426.0,426.0,426.0,426.0,0.0
2011-10-12,432.0,432.0,432.0,432.0,0.0
2011-10-13,429.25,429.25,429.25,429.25,0.0
2011-10-14,428.5,428.5,428.5,428.5,0.0
2011-10-17,428.5,428.5,428.5,428.5,0.0
2011-10-18,428.0,428.0,428.0,428.0,0.0
2011-10-19,426.0,426.0,426.0,426.0,0.0
2011-10-20,426.0,426.0,426.0,426.0,0.0
2011-10-21,426.0,426.0,426.0,426.0,0.0
2011-10-24,430.0,430.0,430.0,430.0,0.0
2011-10-25,426.0,426.0,426.0,426.0,0.0
2011-10-26,426.0,426.0,426.0,426.0,0.0
2011-10-27,430.0,430.0,430.0,430.0,0.0
2011-10-28,433.0,433.0,433.0,433.0,0.0
2011-10-31,431.0,431.0,431.0,431.0,0.0
2011-11-01,430.5,430.5,430.5,430.5,0.0
2011-11-02,429.5,429.5,429.5,429.5,0.0
2011-11-03,428.0,428.0,428.0,428.0,0.0
2011-11-04,425.5,425.5,425.5,425.5,0.0
2011-11-07,423.0,423.0,423.0,423.0,0.0
2011-11-08,423.0,423.0,423.0,423.0,0.0
2011-11-09,423.0,423.0,423.0,423.0,0.0
2011-11-10,420.5,420.5,420.5,420.5,0.0
2011-11-11,420.5,420.5,420.5,420.5,0.0
2011-11-14,418.0,418.0,418.0,418.0,0.0
2011-11-15,421.0,421.0,421.0,421.0,0.0
2011-11-16,417.5,417.5,417.5,417.5,0.0
2011-11-17,404.0,404.0,404.0,404.0,0.0
2011-11-18,403.0,403.0,403.0,403.0,0.0
2011-11-21,396.0,396.0,396.0,396.0,0.0
2011-11-22,394.5,394.5,394.5,394.5,0.0
2011-11-23,388.0,388.0,388.0,388.0,0.0
2011-11-25,387.5,387.5,387.5,387.5,0.0
2011-11-28,394.0,394.0,394.0,394.0,0.0
2011-11-29,401.0,401.0,401.0,401.0,0.0
2011-11-30,407.75,407.75,407.75,407.75,0.0
2011-12-01,406.0,406.0,406.0,406.0,0.0
2011-12-02,406.0,406.0,406.0,406.0,0.0
2011-12-05,406.0,406.0,406.0,406.0,0.0
2011-12-06,406.0,406.0,406.0,406.0,0.0
2011-12-07,399.25,399.25,399.25,399.25,0.0
2011-12-08,404.25,404.25,404.25,404.25,0.0
2011-12-09,403.75,403.75,403.75,403.75,0.0
2011-12-12,405.25,405.25,405.25,405.25,0.0
2011-12-13,408.75,408.75,408.75,408.75,0.0
2011-12-14,399.5,399.5,399.5,399.5,0.0
2011-12-15,399.25,399.25,399.25,399.25,0.0
2011-12-16,400.25,400.25,400.25,400.25,0.0
2011-12-19,404.25,404.25,404.25,404.25,0.0
2011-12-20,404.0,404.0,404.0,404.0,0.0
2011-12-21,405.25,405.25,405.25,405.25,0.0
2011-12-22,405.25,405.25,405.25,405.25,0.0
2011-12-23,407.25,407.25,407.25,407.25,0.0
2011-12-27,412.25,412.25,412.25,412.25,0.0
2011-12-28,412.5,412.5,412.5,412.5,0.0
2011-12-29,406.25,406.25,406.25,406.25,0.0
2011-12-30,408.25,408.25,408.25,408.25,0.0
2012-01-03,402.75,402.75,402.75,402.75,0.0
2012-01-04,395.75,395.75,395.75,395.75,0.0
2012-01-05,392.75,392.75,392.75,392.75,0.0
2012-01-06,391.5,391.5,391.5,391.5,0.0
2012-01-09,391.5,391.5,391.5,391.5,0.0
2012-01-10,391.5,391.5,391.5,391.5,0.0
2012-01-11,391.5,391.5,391.5,391.5,0.0
2012-01-12,391.5,391.5,391.5,391.5,0.0
2012-01-13,391.5,391.5,391.5,391.5,0.0
2012-01-17,391.5,391.5,391.5,391.5,0.0
2012-01-18,391.5,391.5,391.5,391.5,0.0
2012-01-19,391.5,391.5,391.5,391.5,0.0
2012-01-20,391.5,391.5,391.5,391.5,0.0
2012-01-23,391.5,391.5,391.5,391.5,0.0
2012-01-24,391.5,391.5,391.5,391.5,0.0
2012-01-25,391.5,391.5,391.5,391.5,0.0
2012-01-26,391.5,391.5,391.5,391.5,0.0
2012-01-27,391.5,391.5,391.5,391.5,0.0
2012-01-30,391.5,391.5,391.5,391.5,0.0
2012-01-31,391.5,391.5,391.5,391.5,0.0
2012-02-01,391.5,391.5,391.5,391.5,0.0
2012-02-02,391.5,391.5,391.5,391.5,0.0
2012-02-03,391.5,391.5,391.5,391.5,0.0
2012-02-06,391.5,391.5,391.5,391.5,0.0
2012-02-07,391.5,391.5,391.5,391.5,0.0
2012-02-08,391.5,391.5,391.5,391.5,0.0
2012-02-09,391.5,391.5,391.5,391.5,0.0
2012-02-10,391.5,391.5,391.5,391.5,0.0
2012-02-13,391.5,391.5,391.5,391.5,0.0
2012-02-14,391.5,391.5,391.5,391.5,0.0
2012-02-15,391.5,391.5,391.5,391.5,0.0
2012-02-16,391.5,391.5,391.5,391.5,0.0
2012-02-17,391.5,391.5,391.5,391.5,0.0
2012-02-21,391.5,391.5,391.5,391.5,0.0
2012-02-22,391.5,391.5,391.5,391.5,0.0
2012-02-23,391.5,391.5,391.5,391.5,0.0
2012-02-24,391.5,391.5,391.5,391.5,0.0
2012-02-27,391.5,391.5,391.5,391.5,0.0
2012-02-28,391.5,391.5,391.5,391.5,0.0
2012-02-29,391.5,391.5,391.5,391.5,0.0
2012-03-01,391.5,391.5,391.5,391.5,0.0
2012-03-02,391.5,391.5,391.5,391.5,0.0
2012-03-05,391.5,391.5,391.5,391.5,0.0
2012-03-06,391.5,391.5,391.5,391.5,0.0
2012-03-07,391.5,391.5,391.5,391.5,0.0
2012-03-08,391.5,391.5,391.5,391.5,0.0
2012-03-09,391.5,391.5,391.5,391.5,0.0
2012-03-12,391.5,391.5,391.5,391.5,0.0
2012-03-13,391.5,391.5,391.5,391.5,0.0
2012-03-14,391.5,391.5,391.5,391.5,0.0
2012-03-15,391.5,391.5,391.5,391.5,0.0
2012-03-16,391.5,391.5,391.5,391.5,0.0
2012-03-19,391.5,391.5,391.5,391.5,0.0
2012-03-20,391.5,391.5,391.5,391.5,0.0
2012-03-21,391.5,391.5,391.5,391.5,0.0
2012-03-22,391.5,391.5,391.5,391.5,0.0
2012-03-23,391.5,391.5,391.5,391.5,0.0
2012-03-26,391.5,391.5,391.5,391.5,0.0
2012-03-27,391.5,391.5,391.5,391.5,0.0
2012-03-28,391.5,391.5,391.5,391.5,0.0
2012-03-29,391.5,391.5,391.5,391.5,0.0
2012-03-30,391.5,391.5,391.5,391.5,0.0
2012-04-02,391.5,391.5,391.5,391.5,0.0
2012-04-03,391.5,391.5,391.5,391.5,0.0
2012-04-04,391.5,391.5,391.5,391.5,0.0
2012-04-05,391.5,391.5,391.5,391.5,0.0
2012-04-09,391.5,391.5,391.5,391.5,0.0
2012-04-10,391.5,391.5,391.5,391.5,0.0
2012-04-11,391.5,391.5,391.5,391.5,0.0
2012-04-12,391.5,391.5,391.5,391.5,0.0
2012-04-13,391.5,391.5,391.5,391.5,0.0
2012-04-16,391.5,391.5,391.5,391.5,0.0
2012-04-17,391.5,391.5,391.5,391.5,0.0
2012-04-18,391.5,391.5,391.5,391.5,0.0
2012-04-19,391.5,391.5,391.5,391.5,0.0
2012-04-20,391.5,391.5,391.5,391.5,0.0
2012-04-23,391.5,391.5,391.5,391.5,0.0
2012-04-24,391.5,391.5,391.5,391.5,0.0
2012-04-25,391.5,391.5,391.5,391.5,0.0
2012-04-26,391.5,391.5,391.5,391.5,0.0
2012-04-27,391.5,391.5,391.5,391.5,0.0
2012-04-30,391.5,391.5,391.5,391.5,0.0
2012-05-01,391.5,391.5,391.5,391.5,0.0
2012-05-02,391.5,391.5,391.5,391.5,0.0
2012-05-03,391.5,391.5,391.5,391.5,0.0
2012-05-04,391.5,391.5,391.5,391.5,0.0
2012-05-07,391.5,391.5,391.5,391.5,0.0
2012-05-08,391.5,391.5,391.5,391.5,0.0
2012-05-09,391.5,391.5,391.5,391.5,0.0
2012-05-10,391.5,391.5,391.5,391.5,0.0
2012-05-11,391.5,391.5,391.5,391.5,0.0
2012-05-14,391.5,391.5,391.5,391.5,0.0
2012-05-15,391.5,391.5,391.5,391.5,0.0
2012-05-16,391.5,391.5,391.5,391.5,0.0
2012-05-17,391.5,391.5,391.5,391.5,0.0
2012-05-18,391.5,391.5,391.5,391.5,0.0
2012-05-21,391.5,391.5,391.5,391.5,0.0
2012-05-22,391.5,391.5,391.5,391.5,0.0
2012-05-23,391.5,391.5,391.5,391.5,0.0
2012-05-24,391.5,391.5,391.5,391.5,0.0
2012-05-25,391.5,391.5,391.5,391.5,0.0
2012-05-29,391.5,391.5,391.5,391.5,0.0
2012-05-30,391.5,391.5,391.5,391.5,0.0
2012-05-31,391.5,391.5,391.5,391.5,0.0
2012-06-01,391.5,391.5,391.5,391.5,0.0
2012-06-04,391.5,391.5,391.5,391.5,0.0
2012-06-05,391.5,391.5,391.5,391.5,0.0
2012-06-06,391.5,391.5,391.5,391.5,0.0
2012-06-07,391.5,391.5,391.5,391.5,0.0
2012-06-08,391.5,391.5,391.5,391.5,0.0
2012-06-11,391.5,391.5,391.5,391.5,0.0
2012-06-12,391.5,391.5,391.5,391.5,0.0
2012-06-13,391.5,391.5,391.5,391.5,0.0
2012-06-14,391.5,391.5,391.5,391.5,0.0
2012-06-15,391.5,391.5,391.5,391.5,0.0
2012-06-18,391.5,391.5,391.5,391.5,0.0
2012-06-19,391.5,391.5,391.5,391.5,0.0
2012-06-20,391.5,391.5,391.5,391.5,0.0
2012-06-21,391.5,391.5,391.5,391.5,0.0
2012-06-22,391.5,391.5,391.5,391.5,0.0
2012-06-25,411.5,411.5,411.5,411.5,0.0
2012-06-26,429.0,429.0,429.0,429.0,0.0
2012-06-27,449.0,449.0,449.0,449.0,0.0
2012-06-28,447.5,447.5,447.5,447.5,0.0
2012-06-29,447.5,447.5,447.5,447.5,0.0
2012-07-02,456.25,456.25,456.25,456.25,0.0
2012-07-03,460.0,460.0,460.0,460.0,0.0
2012-07-05,466.0,466.0,466.0,466.0,0.0
2012-07-06,461.75,461.75,461.75,461.75,0.0
2012-07-09,481.75,481.75,481.75,481.75,0.0
2012-07-10,482.75,482.75,482.75,482.75,0.0
2012-07-11,468.75,468.75,468.75,468.75,0.0
2012-07-12,474.5,474.5,474.5,474.5,0.0
2012-07-13,477.25,477.25,477.25,477.25,0.0
2012-07-16,492.0,492.0,492.0,492.0,0.0
2012-07-17,490.5,490.5,490.5,490.5,0.0
2012-07-18,493.5,493.5,493.5,493.5,0.0
2012-07-19,494.5,494.5,494.5,494.5,0.0
2012-07-20,489.25,489.25,489.25,489.25,0.0
2012-07-23,482.75,482.75,482.75,482.75,0.0
2012-07-24,467.0,467.0,467.0,467.0,0.0
2012-07-25,477.0,477.0,477.0,477.0,0.0
2012-07-26,473.5,473.5,473.5,473.5,0.0
2012-07-27,479.25,479.25,479.25,479.25,0.0
2012-07-30,486.75,486.75,486.75,486.75,0.0
2012-07-31,481.75,481.75,481.75,481.75,0.0
2012-08-01,466.5,466.5,466.5,466.5,0.0
2012-08-02,468.0,468.0,468.0,468.0,0.0
2012-08-03,473.75,473.75,473.75,473.75,0.0
2012-08-06,470.25,470.25,470.25,470.25,0.0
2012-08-07,466.5,466.5,466.5,466.5,0.0
2012-08-08,470.75,470.75,470.75,470.75,0.0
2012-08-09,475.0,475.0,475.0,475.0,0.0
2012-08-10,474.75,474.75,474.75,474.75,0.0
2012-08-13,471.25,471.25,471.25,471.25,0.0
2012-08-14,471.25,471.25,471.25,471.25,0.0
2012-08-15,479.25,479.25,479.25,479.25,0.0
2012-08-16,486.25,486.25,486.25,486.25,0.0
2012-08-17,486.75,486.75,486.75,486.75,0.0
2012-08-20,485.0,485.0,485.0,485.0,0.0
2012-08-21,480.0,480.0,480.0,480.0,0.0
2012-08-22,480.0,480.0,480.0,480.0,0.0
2012-08-23,476.25,476.25,476.25,476.25,0.0
2012-08-24,474.0,474.0,474.0,474.0,0.0
2012-08-27,469.25,469.25,469.25,469.25,0.0
2012-08-28,466.5,466.5,466.5,466.5,0.0
2012-08-29,466.5,466.5,466.5,466.5,0.0
2012-08-30,466.5,466.5,466.5,466.5,0.0
2012-08-31,466.5,466.5,466.5,466.5,0.0
2012-09-04,464.0,464.0,464.0,464.0,0.0
2012-09-05,455.75,455.75,455.75,455.75,0.0
2012-09-06,435.75,435.75,435.75,435.75,0.0
2012-09-07,436.75,436.75,436.75,436.75,0.0
2012-09-10,434.5,434.5,434.5,434.5,0.0
2012-09-11,433.25,433.25,433.25,433.25,0.0
2012-09-12,432.0,432.0,432.0,432.0,0.0
2012-09-13,430.25,430.25,430.25,430.25,0.0
2012-09-14,425.25,425.25,425.25,425.25,0.0
2012-09-17,416.25,416.25,416.25,416.25,0.0
2012-09-18,410.25,410.25,410.25,410.25,0.0
2012-09-19,412.75,412.75,412.75,412.75,0.0
2012-09-20,411.0,411.0,411.0,411.0,0.0
2012-09-21,413.75,413.75,413.75,413.75,0.0
2012-09-24,409.25,409.25,409.25,409.25,0.0
2012-09-25,412.75,412.75,412.75,412.75,0.0
2012-09-26,410.5,410.5,410.5,410.5,0.0
2012-09-27,405.25,405.25,405.25,405.25,0.0
2012-09-28,412.25,412.25,412.25,412.25,0.0
2012-10-01,408.75,408.75,408.75,408.75,0.0
2012-10-02,406.25,406.25,406.25,406.25,0.0
2012-10-03,409.25,409.25,409.25,409.25,0.0
2012-10-04,414.75,414.75,414.75,414.75,0.0
2012-10-05,414.0,414.0,414.0,414.0,0.0
2012-10-08,418.75,418.75,418.75,418.75,0.0
2012-10-09,425.25,425.25,425.25,425.25,0.0
2012-10-10,430.5,430.5,430.5,430.5,0.0
2012-10-11,431.5,431.5,431.5,431.5,0.0
2012-10-12,434.75,434.75,434.75,434.75,0.0
2012-10-15,431.5,431.5,431.5,431.5,0.0
2012-10-16,434.5,434.5,434.5,434.5,0.0
2012-10-17,431.0,431.0,431.0,431.0,0.0
2012-10-18,428.0,428.0,428.0,428.0,0.0
2012-10-19,430.5,430.5,430.5,430.5,0.0
2012-10-22,429.5,429.5,429.5,429.5,0.0
2012-10-23,409.5,409.5,409.5,409.5,0.0
2012-10-24,414.25,414.25,414.25,414.25,0.0
2012-10-25,401.0,401.0,401.0,401.0,0.0
2012-10-26,416.25,416.25,416.25,416.25,0.0
2012-10-29,414.75,414.75,414.75,414.75,0.0
2012-10-30,417.75,417.75,417.75,417.75,0.0
2012-10-31,418.25,418.25,418.25,418.25,0.0
2012-11-01,404.0,404.0,404.0,404.0,0.0
2012-11-02,402.25,402.25,402.25,402.25,0.0
2012-11-05,403.0,403.0,403.0,403.0,0.0
2012-11-06,404.25,404.25,404.25,404.25,0.0
2012-11-07,408.0,408.0,408.0,408.0,0.0
2012-11-08,407.75,407.75,407.75,407.75,0.0
2012-11-09,407.25,407.25,407.25,407.25,0.0
2012-11-12,402.75,402.75,402.75,402.75,0.0
2012-11-13,410.0,410.0,410.0,410.0,0.0
2012-11-14,417.0,417.0,417.0,417.0,0.0
2012-11-15,412.0,412.0,412.0,412.0,0.0
2012-11-16,408.25,408.25,408.25,408.25,0.0
2012-11-19,418.0,418.0,418.0,418.0,0.0
2012-11-20,417.5,417.5,417.5,417.5,0.0
2012-11-21,412.5,412.5,412.5,412.5,0.0
2012-11-23,413.0,413.0,413.0,413.0,0.0
2012-11-26,415.0,415.0,415.0,415.0,0.0
2012-11-27,417.5,417.5,417.5,417.5,0.0
2012-11-28,412.75,412.75,412.75,412.75,0.0
2012-11-29,404.75,404.75,404.75,404.75,0.0
2012-11-30,405.5,405.5,405.5,405.5,0.0
2012-12-03,411.75,411.75,411.75,411.75,0.0
2012-12-04,412.5,412.5,412.5,412.5,0.0
2012-12-05,422.5,422.5,422.5,422.5,0.0
2012-12-06,421.75,421.75,421.75,421.75,0.0
2012-12-07,408.75,408.75,408.75,408.75,0.0
2012-12-10,402.5,402.5,402.5,402.5,0.0
2012-12-11,403.75,403.75,403.75,403.75,0.0
2012-12-12,401.0,401.0,401.0,401.0,0.0
2012-12-13,403.25,403.25,403.25,403.25,0.0
2012-12-14,406.5,406.5,406.5,406.5,0.0
2012-12-17,406.75,406.75,406.75,406.75,0.0
2012-12-18,398.75,398.75,398.75,398.75,0.0
2012-12-19,398.0,398.0,398.0,398.0,0.0
2012-12-20,387.5,387.5,387.5,387.5,0.0
2012-12-21,392.5,392.5,392.5,392.5,0.0
2012-12-24,392.75,392.75,392.75,392.75,0.0
2012-12-26,387.0,387.0,387.0,387.0,0.0
2012-12-27,386.0,386.0,386.0,386.0,0.0
2012-12-28,381.5,381.5,381.5,381.5,0.0
2012-12-31,381.75,381.75,381.75,381.75,0.0
2013-01-02,371.25,371.25,371.25,371.25,0.0
2013-01-03,373.75,373.75,373.75,373.75,0.0
2013-01-04,377.0,377.0,377.0,377.0,0.0
2013-01-07,378.25,378.25,378.25,378.25,0.0
2013-01-08,378.25,378.25,378.25,378.25,0.0
2013-01-09,380.0,380.0,380.0,380.0,0.0
2013-01-10,384.5,384.5,384.5,384.5,0.0
2013-01-11,391.25,391.25,391.25,391.25,0.0
2013-01-14,389.5,389.5,389.5,389.5,0.0
2013-01-15,395.0,395.0,395.0,395.0,0.0
2013-01-16,395.25,395.25,395.25,395.25,0.0
2013-01-17,394.75,394.75,394.75,394.75,0.0
2013-01-18,396.0,396.0,396.0,396.0,0.0
2013-01-22,398.25,398.25,398.25,398.25,0.0
2013-01-23,399.25,399.25,399.25,399.25,0.0
2013-01-24,402.25,402.25,402.25,402.25,0.0
2013-01-25,402.75,402.75,402.75,402.75,0.0
2013-01-28,403.0,403.0,403.0,403.0,0.0
2013-01-29,401.75,401.75,401.75,401.75,0.0
2013-01-30,404.0,404.0,404.0,404.0,0.0
2013-01-31,402.0,402.0,402.0,402.0,0.0
2013-02-01,400.5,400.5,400.5,400.5,0.0
2013-02-04,399.75,399.75,399.75,399.75,0.0
2013-02-05,398.75,398.75,398.75,398.75,0.0
2013-02-06,404.75,404.75,404.75,404.75,0.0
2013-02-07,404.0,404.0,404.0,404.0,0.0
2013-02-08,403.0,403.0,403.0,403.0,0.0
2013-02-11,398.5,398.5,398.5,398.5,0.0
2013-02-12,397.0,397.0,397.0,397.0,0.0
2013-02-13,397.5,397.5,397.5,397.5,0.0
2013-02-14,400.0,400.0,400.0,400.0,0.0
2013-02-15,399.75,399.75,399.75,399.75,0.0
2013-02-19,399.75,399.75,399.75,399.75,0.0
2013-02-20,398.5,398.5,398.5,398.5,0.0
2013-02-21,400.5,400.5,400.5,400.5,0.0
2013-02-22,398.5,398.5,398.5,398.5,0.0
2013-02-25,390.5,390.5,390.5,390.5,0.0
2013-02-26,392.25,392.25,392.25,392.25,0.0
2013-02-27,391.0,391.0,391.0,391.0,0.0
2013-02-28,388.25,388.25,388.25,388.25,0.0
2013-03-01,388.75,388.75,388.75,388.75,0.0
2013-03-04,385.75,385.75,385.75,385.75,0.0
2013-03-05,389.0,389.0,389.0,389.0,0.0
2013-03-06,384.0,384.0,384.0,384.0,0.0
2013-03-07,383.5,383.5,383.5,383.5,0.0
2013-03-08,384.0,384.0,384.0,384.0,0.0
2013-03-11,387.0,387.0,387.0,387.0,0.0
2013-03-12,388.75,388.75,388.75,388.75,0.0
2013-03-13,386.5,386.5,386.5,386.5,0.0
2013-03-14,386.75,386.75,386.75,386.75,0.0
2013-03-15,385.25,385.25,385.25,385.25,0.0
2013-03-18,379.0,379.0,379.0,379.0,0.0
2013-03-19,382.0,382.0,382.0,382.0,0.0
2013-03-20,379.5,379.5,379.5,379.5,0.0
2013-03-21,364.5,364.5,364.5,364.5,0.0
2013-03-22,367.0,367.0,367.0,367.0,0.0
2013-03-25,372.0,372.0,372.0,372.0,0.0
2013-03-26,370.25,370.25,370.25,370.25,0.0
2013-03-27,373.75,373.75,373.75,373.75,0.0
2013-03-28,365.5,365.5,365.5,365.5,0.0
2013-04-01,345.5,345.5,345.5,345.5,0.0
2013-04-02,341.0,341.0,341.0,341.0,0.0
2013-04-03,346.0,346.0,346.0,346.0,0.0
2013-04-04,346.0,346.0,346.0,346.0,0.0
2013-04-05,339.75,339.75,339.75,339.75,0.0
2013-04-08,341.75,341.75,341.75,341.75,0.0
2013-04-09,343.5,343.5,343.5,343.5,0.0
2013-04-10,350.5,350.5,350.5,350.5,0.0
2013-04-11,358.25,358.25,358.25,358.25,0.0
2013-04-12,361.75,361.75,361.75,361.75,0.0
2013-04-15,354.25,354.25,354.25,354.25,0.0
2013-04-16,355.25,355.25,355.25,355.25,0.0
2013-04-17,363.25,363.25,363.25,363.25,0.0
2013-04-18,366.0,366.0,366.0,366.0,0.0
2013-04-19,364.75,364.75,364.75,364.75,0.0
2013-04-22,364.0,364.0,364.0,364.0,0.0
2013-04-23,364.0,364.0,364.0,364.0,0.0
2013-04-24,362.5,362.5,362.5,362.5,0.0
2013-04-25,365.75,365.75,365.75,365.75,0.0
2013-04-26,364.25,364.25,364.25,364.25,0.0
2013-04-29,363.0,363.0,363.0,363.0,0.0
2013-04-30,363.0,363.0,363.0,363.0,0.0
2013-05-01,358.25,358.25,358.25,358.25,0.0
2013-05-02,356.0,356.0,356.0,356.0,0.0
2013-05-03,358.25,358.25,358.25,358.25,0.0
2013-05-06,354.5,354.5,354.5,354.5,0.0
2013-05-07,357.25,357.25,357.25,357.25,0.0
2013-05-08,356.0,356.0,356.0,356.0,0.0
2013-05-09,358.0,358.0,358.0,358.0,0.0
2013-05-10,354.25,354.25,354.25,354.25,0.0
2013-05-13,358.5,358.5,358.5,358.5,0.0
2013-05-14,358.25,358.25,358.25,358.25,0.0
2013-05-15,359.0,359.0,359.0,359.0,0.0
2013-05-16,359.75,359.75,359.75,359.75,0.0
2013-05-17,356.25,356.25,356.25,356.25,0.0
2013-05-20,353.0,353.0,353.0,353.0,0.0
2013-05-21,346.25,346.25,346.25,346.25,0.0
2013-05-22,353.5,353.5,353.5,353.5,0.0
2013-05-23,361.5,361.5,361.5,361.5,0.0
2013-05-24,354.75,354.75,354.75,354.75,0.0
2013-05-28,358.5,358.5,358.5,358.5,0.0
2013-05-29,354.5,354.5,354.5,354.5,0.0
2013-05-30,355.75,355.75,355.75,355.75,0.0
2013-05-31,360.0,360.0,360.0,360.0,0.0
2013-06-03,361.25,361.25,361.25,361.25,0.0
2013-06-04,362.5,362.5,362.5,362.5,0.0
2013-06-05,365.25,365.25,365.25,365.25,0.0
2013-06-06,368.25,368.25,368.25,368.25,0.0
2013-06-07,367.25,367.25,367.25,367.25,0.0
2013-06-10,377.5,377.5,377.5,377.5,0.0
2013-06-11,379.25,379.25,379.25,379.25,0.0
2013-06-12,378.5,378.5,378.5,378.5,0.0
2013-06-13,358.5,358.5,358.5,358.5,0.0
2013-06-14,360.0,360.0,360.0,360.0,0.0
2013-06-17,359.5,359.5,359.5,359.5,0.0
2013-06-18,361.5,361.5,361.5,361.5,0.0
2013-06-19,365.75,365.75,365.75,365.75,0.0
2013-06-20,359.25,359.25,359.25,359.25,0.0
2013-06-21,359.0,359.0,359.0,359.0,0.0
2013-06-24,350.75,350.75,350.75,350.75,0.0
2013-06-25,346.25,346.25,346.25,346.25,0.0
2013-06-26,345.25,345.25,345.25,345.25,0.0
2013-06-27,348.75,348.75,348.75,348.75,0.0
2013-06-28,334.75,334.75,334.75,334.75,0.0
2013-07-01,317.5,317.5,317.5,317.5,0.0
2013-07-02,312.75,312.75,312.75,312.75,0.0
2013-07-03,322.0,322.0,322.0,322.0,0.0
2013-07-05,325.25,325.25,325.25,325.25,0.0
2013-07-08,325.25,325.25,325.25,325.25,0.0
2013-07-09,330.75,330.75,330.75,330.75,0.0
2013-07-10,329.25,329.25,329.25,329.25,0.0
2013-07-11,327.5,327.5,327.5,327.5,0.0
2013-07-12,337.25,337.25,337.25,337.25,0.0
2013-07-15,340.0,340.0,340.0,340.0,1.0
2013-07-16,341.25,341.25,341.25,341.25,0.0
2013-07-17,337.75,337.75,337.75,337.75,0.0
2013-07-18,339.0,339.0,339.0,339.0,0.0
2013-07-19,339.75,339.75,339.75,339.75,0.0
2013-07-22,339.75,339.75,339.75,339.75,0.0
2013-07-23,334.5,334.5,334.5,334.5,0.0
2013-07-24,332.5,332.5,332.5,332.5,0.0
2013-07-25,320.75,320.75,320.75,320.75,0.0
2013-07-26,315.5,315.5,315.5,315.5,0.0
2013-07-29,319.0,319.0,319.0,319.0,0.0
2013-07-30,322.0,322.0,322.0,322.0,0.0
2013-07-31,323.25,323.25,323.25,323.25,0.0
2013-08-01,321.75,321.75,321.75,321.75,0.0
2013-08-02,319.75,319.75,319.75,319.75,0.0
2013-08-05,318.5,318.5,318.5,318.5,0.0
2013-08-06,316.5,316.5,316.5,316.5,0.0
2013-08-07,318.75,318.75,318.75,318.75,0.0
2013-08-08,317.25,317.25,317.25,317.25,0.0
2013-08-09,317.25,317.25,317.25,317.25,0.0
2013-08-12,320.5,320.5,320.5,320.5,0.0
2013-08-13,319.0,319.0,319.0,319.0,0.0
2013-08-14,319.0,319.0,319.0,319.0,0.0
2013-08-15,321.75,321.75,321.75,321.75,0.0
2013-08-16,320.25,320.25,320.25,320.25,0.0
2013-08-19,326.25,326.25,326.25,326.25,0.0
2013-08-20,323.75,323.75,323.75,323.75,0.0
2013-08-21,312.75,312.75,312.75,312.75,0.0
2013-08-22,313.0,313.0,313.0,313.0,0.0
2013-08-23,311.25,311.25,311.25,311.25,0.0
2013-08-26,328.75,328.75,328.75,328.75,0.0
2013-08-27,335.25,335.25,335.25,335.25,0.0
2013-08-28,333.25,333.25,333.25,333.25,0.0
2013-08-29,327.75,327.75,327.75,327.75,0.0
2013-08-30,321.75,321.75,321.75,321.75,0.0
2013-09-03,310.75,310.75,310.75,310.75,0.0
2013-09-04,309.5,309.5,309.5,309.5,0.0
2013-09-05,308.25,308.25,308.25,308.25,0.0
2013-09-06,308.0,308.0,308.0,308.0,0.0
2013-09-09,308.0,308.0,308.0,308.0,0.0
2013-09-10,310.0,310.0,310.0,310.0,0.0
2013-09-11,313.5,313.5,313.5,313.5,0.0
2013-09-12,310.25,310.25,310.25,310.25,0.0
2013-09-13,320.75,320.75,320.75,320.75,0.0
2013-09-16,320.75,320.75,311.0,311.0,2.0
2013-09-17,307.25,307.25,307.25,307.25,0.0
2013-09-18,307.25,307.25,307.25,307.25,0.0
2013-09-19,309.75,309.75,309.75,309.75,0.0
2013-09-20,307.25,307.25,307.25,307.25,0.0
2013-09-23,308.25,308.25,308.25,308.25,0.0
2013-09-24,309.75,309.75,309.75,309.75,0.0
2013-09-25,312.25,312.25,312.25,312.25,0.0
2013-09-26,313.75,313.75,313.75,313.75,0.0
2013-09-27,313.5,313.5,313.5,313.5,0.0
2013-09-30,302.75,302.75,302.75,302.75,0.0
2013-10-01,301.5,301.5,301.5,301.5,0.0
2013-10-02,304.5,304.5,304.5,304.5,0.0
2013-10-03,307.5,307.5,307.5,307.5,0.0
2013-10-04,305.5,305.5,305.5,305.5,0.0
2013-10-07,304.5,304.5,304.5,304.5,0.0
2013-10-08,295.25,295.25,295.25,295.25,0.0
2013-10-09,295.25,295.25,295.25,295.25,0.0
2013-10-10,301.0,301.0,301.0,301.0,0.0
2013-10-11,295.75,295.75,295.75,295.75,0.0
2013-10-14,298.5,298.5,298.5,298.5,0.0
2013-10-15,296.0,296.0,296.0,296.0,0.0
2013-10-16,301.75,301.75,301.75,301.75,0.0
2013-10-17,301.75,301.75,301.75,301.75,0.0
2013-10-18,303.25,303.25,303.25,303.25,0.0
2013-10-21,308.0,308.0,308.0,308.0,0.0
2013-10-22,311.75,311.75,311.75,311.75,0.0
2013-10-23,318.0,318.0,318.0,318.0,0.0
2013-10-24,319.25,319.25,319.25,319.25,0.0
2013-10-25,312.5,312.5,312.5,312.5,0.0
2013-10-28,310.5,310.5,310.5,310.5,0.0
2013-10-29,308.25,308.25,308.25,308.25,0.0
2013-10-30,309.0,309.0,309.0,309.0,0.0
2013-10-31,308.25,308.25,308.25,308.25,0.0
2013-11-01,307.75,307.75,307.75,307.75,0.0
2013-11-04,308.0,308.0,308.0,308.0,0.0
2013-11-05,306.5,306.5,306.5,306.5,0.0
2013-11-06,306.5,306.5,306.5,306.5,0.0
2013-11-07,306.75,306.75,306.75,306.75,0.0
2013-11-08,306.75,306.75,306.75,306.75,0.0
2013-11-11,311.5,311.5,311.5,311.5,0.0
2013-11-12,310.75,310.75,310.75,310.75,0.0
2013-11-13,309.0,309.0,309.0,309.0,0.0
2013-11-14,310.0,310.0,310.0,310.0,0.0
2013-11-15,307.5,307.5,307.5,307.5,0.0
2013-11-18,309.5,309.5,309.5,309.5,0.0
2013-11-19,312.5,312.5,312.5,312.5,0.0
2013-11-20,308.75,308.75,308.75,308.75,0.0
2013-11-21,307.25,307.25,307.25,307.25,0.0
2013-11-22,313.5,313.5,313.5,313.5,0.0
2013-11-25,319.0,319.0,319.0,319.0,0.0
2013-11-26,317.25,317.25,317.25,317.25,0.0
2013-11-27,322.0,322.0,322.0,322.0,1.0
2013-11-29,320.25,320.25,320.25,320.25,0.0
2013-12-02,319.25,319.25,319.25,319.25,0.0
2013-12-03,322.0,322.0,322.0,322.0,0.0
2013-12-04,322.5,322.5,322.5,322.5,0.0
2013-12-05,321.75,321.75,321.75,321.75,0.0
2013-12-06,322.5,322.5,322.5,322.5,0.0
2013-12-09,324.0,324.0,324.0,324.0,0.0
2013-12-10,320.5,320.5,320.5,320.5,0.0
2013-12-11,327.0,327.0,327.0,327.0,0.0
2013-12-12,333.0,333.0,333.0,333.0,0.0
2013-12-13,318.25,318.25,318.25,318.25,0.0
2013-12-16,322.75,322.75,322.75,322.75,0.0
2013-12-17,327.75,327.75,327.75,327.75,0.0
2013-12-18,320.0,320.0,320.0,320.0,0.0
2013-12-19,312.25,312.25,312.25,312.25,0.0
2013-12-20,313.5,313.5,313.5,313.5,0.0
2013-12-23,313.5,313.5,313.5,313.5,0.0
2013-12-24,314.0,314.0,314.0,314.0,0.0
2013-12-26,313.5,313.5,313.5,313.5,0.0
2013-12-27,314.0,314.0,314.0,314.0,0.0
2013-12-30,313.5,313.5,313.5,313.5,0.0
2013-12-31,312.25,312.25,312.25,312.25,0.0
2014-01-02,312.75,312.75,312.75,312.75,0.0
2014-01-03,307.0,307.0,307.0,307.0,0.0
2014-01-06,309.0,309.0,309.0,309.0,0.0
2014-01-07,310.5,310.5,310.5,310.5,0.0
2014-01-08,314.0,314.0,314.0,314.0,0.0
2014-01-09,309.0,309.75,309.0,309.75,3.0
2014-01-10,311.25,311.25,311.25,311.25,4.0
2014-01-13,306.5,306.5,306.5,306.5,0.0
2014-01-14,307.25,307.25,307.25,307.25,4.0
2014-01-15,306.75,306.75,306.75,306.75,1.0
2014-01-16,311.5,311.5,311.5,311.5,0.0
2014-01-17,308.75,311.0,306.5,311.0,5.0
2014-01-21,311.0,311.0,311.0,311.0,0.0
2014-01-22,310.0,310.0,306.5,309.25,23.0
2014-01-23,310.0,310.0,304.5,304.5,60.0
2014-01-24,306.0,306.0,306.0,306.0,0.0
2014-01-27,305.0,306.5,305.0,306.5,2.0
2014-01-28,314.5,314.5,314.5,314.5,2.0
2014-01-29,315.0,321.0,315.0,318.5,20.0
2014-01-30,309.0,309.0,302.25,308.0,9.0
2014-01-31,308.0,308.0,308.0,308.0,0.0
2014-02-03,310.25,310.25,310.25,310.25,0.0
2014-02-04,315.25,317.25,315.25,317.25,2.0
2014-02-05,324.0,326.0,324.0,326.0,1.0
2014-02-06,331.75,336.0,331.25,331.25,41.0
2014-02-07,330.0,330.0,314.5,314.5,21.0
2014-02-10,315.25,315.25,315.25,315.25,7.0
2014-02-11,316.25,329.25,316.25,329.25,3.0
2014-02-12,323.25,323.25,323.25,323.25,0.0
2014-02-13,325.0,330.25,323.25,323.25,4.0
2014-02-14,328.0,328.0,328.0,328.0,0.0
2014-02-18,331.0,332.0,327.0,328.5,5.0
2014-02-19,330.0,340.0,330.0,340.0,21.0
2014-02-20,342.0,344.0,340.0,340.0,8.0
2014-02-21,343.75,343.75,337.75,337.75,1.0
2014-02-24,335.0,341.75,334.0,341.75,5.0
2014-02-25,344.0,349.5,340.0,348.25,15.0
2014-02-26,349.75,361.0,336.0,348.5,35.0
2014-02-27,350.0,358.0,347.0,350.25,8.0
2014-02-28,355.0,355.0,355.0,355.0,0.0
2014-03-03,358.75,358.75,358.75,358.75,0.0
2014-03-04,364.0,366.0,355.75,355.75,3.0
2014-03-05,346.75,346.75,346.75,346.75,0.0
2014-03-06,352.0,353.0,350.75,350.75,2.0
2014-03-07,341.75,341.75,331.0,331.0,8.0
2014-03-10,329.25,329.25,323.0,324.0,8.0
2014-03-11,328.0,333.0,328.0,332.5,14.0
2014-03-12,339.25,339.25,339.25,339.25,0.0
2014-03-13,341.75,341.75,338.75,338.75,2.0
2014-03-14,343.25,343.25,338.5,338.5,1.0
2014-03-17,350.0,350.0,344.25,344.25,3.0
2014-03-18,333.5,339.25,333.5,339.25,8.0
2014-03-19,337.25,337.25,337.25,337.25,2.0
2014-03-20,336.0,336.0,336.0,336.0,3.0
2014-03-21,342.75,342.75,336.5,336.5,1.0
2014-03-24,343.0,345.0,342.0,345.0,3.0
2014-03-25,341.25,342.5,339.75,342.5,6.0
2014-03-26,335.0,339.5,335.0,338.5,5.0
2014-03-27,340.75,340.75,340.75,340.75,3.0
2014-03-28,336.0,343.5,336.0,343.25,8.0
2014-03-31,349.5,349.5,341.75,347.75,11.0
2014-04-01,351.0,353.0,348.25,353.0,8.0
2014-04-02,359.0,360.0,353.0,355.0,12.0
2014-04-03,355.75,355.75,355.75,355.75,0.0
2014-04-04,351.0,354.25,351.0,354.25,12.0
2014-04-07,351.75,351.75,351.75,351.75,0.0
2014-04-08,355.5,359.25,355.5,359.25,3.0
2014-04-09,358.25,358.25,358.25,358.25,0.0
2014-04-10,356.25,356.25,346.5,346.5,5.0
2014-04-11,347.75,347.75,343.25,343.25,2.0
2014-04-14,343.0,343.0,340.5,340.5,2.0
2014-04-15,336.25,341.25,336.25,341.25,1.0
2014-04-16,340.25,340.25,340.25,340.25,3.0
2014-04-17,343.0,343.0,338.75,338.75,3.0
2014-04-21,342.5,342.5,336.75,338.75,13.0
2014-04-22,342.5,347.25,342.5,347.25,4.0
2014-04-23,348.75,348.75,348.75,348.75,0.0
2014-04-24,351.25,351.25,347.0,347.0,3.0
2014-04-25,351.0,351.0,349.75,349.75,1.0
2014-04-28,356.0,356.0,352.5,353.0,21.0
2014-04-29,352.75,353.25,351.25,352.25,24.0
2014-04-30,353.0,353.0,336.25,343.25,29.0
2014-05-01,340.0,340.0,340.0,340.0,0.0
2014-05-02,336.0,337.75,336.0,337.75,7.0
2014-05-05,336.0,336.75,335.75,336.25,8.0
2014-05-06,336.75,345.75,336.75,343.5,4.0
2014-05-07,343.0,343.0,343.0,343.0,0.0
2014-05-08,336.75,340.0,336.75,340.0,1.0
2014-05-09,337.0,340.25,336.75,340.25,2.0
2014-05-12,336.75,343.5,336.75,343.25,5.0
2014-05-13,339.0,339.0,337.75,338.25,5.0
2014-05-14,342.75,342.75,342.75,342.75,0.0
2014-05-15,336.0,340.75,336.0,339.5,9.0
2014-05-16,330.0,330.0,324.0,327.0,83.0
2014-05-19,324.0,324.0,322.0,322.0,35.0
2014-05-20,323.25,323.25,323.25,323.25,1.0
2014-05-21,330.5,330.5,330.5,330.5,17.0
2014-05-22,333.5,335.0,333.5,334.5,2.0
2014-05-23,337.5,337.5,335.5,335.5,3.0
2014-05-27,330.25,330.25,325.5,329.75,5.0
2014-05-28,327.0,338.75,327.0,338.75,18.0
2014-05-29,341.75,348.75,341.25,347.0,419.0
2014-05-30,352.75,355.0,342.75,352.75,466.0
2014-06-02,357.25,359.75,348.25,354.5,492.0
2014-06-03,356.5,358.0,341.75,343.0,61.0
2014-06-04,345.0,345.5,340.75,340.75,13.0
2014-06-05,341.0,344.5,336.25,338.25,14.0
2014-06-06,338.0,342.0,338.0,340.75,39.0
2014-06-09,336.5,339.75,326.0,329.25,106.0
2014-06-10,328.0,335.0,326.5,334.5,53.0
2014-06-11,333.0,335.25,330.75,333.75,34.0
2014-06-12,331.0,335.5,330.75,332.25,50.0
2014-06-13,335.0,337.0,331.75,336.5,85.0
2014-06-16,340.5,341.75,329.0,330.25,175.0
2014-06-17,331.5,332.75,328.75,330.25,72.0
2014-06-18,328.0,332.0,326.25,331.75,14.0
2014-06-19,335.0,342.5,335.0,340.25,90.0
2014-06-20,341.75,341.75,331.75,340.0,340.0
2014-06-23,333.75,339.5,333.75,337.0,75.0
2014-06-24,335.0,340.25,334.0,334.5,78.0
2014-06-25,335.0,337.0,330.25,335.0,53.0
2014-06-26,334.75,338.0,333.0,333.5,75.0
2014-06-27,333.5,334.5,326.0,327.75,109.0
2014-06-30,327.75,327.75,320.0,323.25,139.0
2014-07-01,323.25,339.75,317.5,336.75,100.0
2014-07-02,336.75,347.75,336.75,346.75,99.0
2014-07-03,348.0,356.5,345.0,351.25,88.0
2014-07-07,354.0,356.5,342.5,346.0,73.0
2014-07-08,341.25,354.75,340.0,350.0,91.0
2014-07-09,349.0,349.0,336.5,337.75,40.0
2014-07-10,338.0,341.0,334.5,336.75,81.0
2014-07-11,336.0,337.0,328.5,328.75,43.0
2014-07-14,327.5,336.0,326.75,334.0,27.0
2014-07-15,335.0,335.75,332.25,334.25,20.0
2014-07-16,335.75,340.25,335.75,339.0,15.0
2014-07-17,338.75,343.0,337.25,337.25,66.0
2014-07-18,335.5,335.75,330.25,331.5,86.0
2014-07-21,332.0,332.0,328.25,331.75,42.0
2014-07-22,331.75,333.0,328.5,330.0,26.0
2014-07-23,331.0,334.25,328.0,333.0,50.0
2014-07-24,333.0,337.25,330.5,337.0,35.0
2014-07-25,338.75,349.75,337.5,348.0,172.0
2014-07-28,348.25,373.0,348.25,366.5,192.0
2014-07-29,367.5,369.5,354.25,356.5,237.0
2014-07-30,356.25,358.25,352.25,353.5,501.0
2014-07-31,355.0,358.0,352.0,354.5,496.0
2014-08-01,354.0,354.75,349.25,350.75,507.0
2014-08-04,348.25,356.0,342.25,351.0,230.0
2014-08-05,354.25,360.0,348.5,360.0,77.0
2014-08-06,361.0,366.0,358.25,366.0,27.0
2014-08-07,367.0,372.0,356.5,359.0,120.0
2014-08-08,360.5,363.75,352.5,357.75,53.0
2014-08-11,360.0,361.25,356.0,359.0,20.0
2014-08-12,358.25,359.25,354.0,359.25,62.0
2014-08-13,355.75,369.5,355.5,369.5,109.0
2014-08-14,368.0,373.0,356.75,359.25,120.0
2014-08-15,360.0,369.5,360.0,365.0,35.0
2014-08-18,369.75,371.0,363.75,370.75,27.0
2014-08-19,368.0,370.25,368.0,370.25,9.0
2014-08-20,368.75,372.25,361.75,363.0,129.0
2014-08-21,369.5,376.25,369.25,376.25,64.0
2014-08-22,376.25,386.5,376.25,384.0,141.0
2014-08-25,384.0,388.0,377.0,377.0,65.0
2014-08-26,377.25,377.25,355.25,359.75,118.0
2014-08-27,361.5,369.25,356.0,359.75,77.0
2014-08-28,361.25,376.75,359.0,361.0,123.0
2014-08-29,364.75,371.75,359.0,362.25,10.0
2014-09-02,379.75,388.25,370.0,370.0,9.0
2014-09-03,377.75,377.75,360.0,362.5,15.0
2014-09-04,367.25,367.25,364.25,364.25,4.0
2014-09-05,361.0,368.25,361.0,368.25,13.0
2014-09-08,375.0,377.0,375.0,377.0,1.0
2014-09-09,390.0,390.0,371.0,379.0,201.0
2014-09-10,401.25,401.25,386.75,386.75,1.0
2014-09-11,401.0,401.0,381.0,383.75,16.0
2014-09-12,371.5,371.5,371.5,371.5,0.0
